dataset_name,downloads,likes,tags,success
RoboCOIN/AgiBot-g1_storage_item_e,1598,0,"['task_categories:robotics', 'language:en', 'language:zh', 'license:apache-2.0', 'size_categories:100K<n<1M', 'format:parquet', 'modality:tabular', 'modality:timeseries', 'modality:video', 'library:datasets', 'library:dask', 'library:mlcroissant', 'library:polars', 'region:us', 'RoboCoin', 'LeRobot']",True
RoboCOIN/leju_robot_part_placement,1560,0,"['task_categories:robotics', 'language:en', 'language:zh', 'license:apache-2.0', 'size_categories:100K<n<1M', 'format:parquet', 'modality:tabular', 'modality:timeseries', 'modality:video', 'library:datasets', 'library:dask', 'library:mlcroissant', 'library:polars', 'region:us', 'RoboCoin', 'LeRobot']",True
RoboCOIN/AgiBot-g1_storage_item_d,1495,0,"['task_categories:robotics', 'language:en', 'language:zh', 'license:apache-2.0', 'modality:video', 'region:us', 'RoboCoin', 'LeRobot']",True
RoboCOIN/AgiBot-g1_picks_up_battery_a,1484,0,"['task_categories:robotics', 'language:en', 'language:zh', 'license:apache-2.0', 'size_categories:100K<n<1M', 'format:parquet', 'modality:tabular', 'modality:timeseries', 'modality:video', 'library:datasets', 'library:dask', 'library:mlcroissant', 'library:polars', 'region:us', 'RoboCoin', 'LeRobot']",True
RoboCOIN/leju_robot_moving_parts_r,1414,0,"['task_categories:robotics', 'language:en', 'language:zh', 'license:apache-2.0', 'size_categories:100K<n<1M', 'format:parquet', 'modality:tabular', 'modality:timeseries', 'modality:video', 'library:datasets', 'library:dask', 'library:mlcroissant', 'library:polars', 'region:us', 'RoboCoin', 'LeRobot']",True
RoboCOIN/AgiBot-g1_left_capture_part,1355,0,"['task_categories:robotics', 'language:en', 'language:zh', 'license:apache-2.0', 'size_categories:100K<n<1M', 'format:parquet', 'modality:tabular', 'modality:timeseries', 'modality:video', 'library:datasets', 'library:dask', 'library:mlcroissant', 'library:polars', 'region:us', 'RoboCoin', 'LeRobot']",True
RoboCOIN/leju_robot_moving_parts_q,1347,0,"['task_categories:robotics', 'language:en', 'language:zh', 'license:apache-2.0', 'size_categories:100K<n<1M', 'format:parquet', 'modality:tabular', 'modality:timeseries', 'modality:video', 'library:datasets', 'library:dask', 'library:mlcroissant', 'library:polars', 'region:us', 'RoboCoin', 'LeRobot']",True
RoboCOIN/AgiBot-g1_box_storage_cardboard_box_c,1277,0,"['task_categories:robotics', 'language:en', 'language:zh', 'license:apache-2.0', 'size_categories:100K<n<1M', 'format:parquet', 'modality:tabular', 'modality:timeseries', 'modality:video', 'library:datasets', 'library:dask', 'library:mlcroissant', 'library:polars', 'region:us', 'RoboCoin', 'LeRobot']",True
RoboCOIN/AgiBot-g1_box_storage_cardboard_box_a,1277,0,"['task_categories:robotics', 'language:en', 'language:zh', 'license:apache-2.0', 'region:us', 'RoboCoin', 'LeRobot']",True
RoboCOIN/leju_robot_moving_parts_n,1226,0,"['task_categories:robotics', 'language:en', 'language:zh', 'license:apache-2.0', 'size_categories:100K<n<1M', 'format:parquet', 'modality:tabular', 'modality:timeseries', 'modality:video', 'library:datasets', 'library:dask', 'library:mlcroissant', 'library:polars', 'region:us', 'RoboCoin', 'LeRobot']",True
RoboCOIN/AgiBot-g1_pick_up_battery,1105,0,"['task_categories:robotics', 'language:en', 'language:zh', 'license:apache-2.0', 'size_categories:100K<n<1M', 'format:parquet', 'modality:tabular', 'modality:timeseries', 'modality:video', 'library:datasets', 'library:dask', 'library:mlcroissant', 'library:polars', 'region:us', 'RoboCoin', 'LeRobot']",True
RoboCOIN/Cobot_Magic_pour_drink,1080,0,"['task_categories:robotics', 'language:en', 'language:zh', 'license:apache-2.0', 'size_categories:100K<n<1M', 'format:parquet', 'modality:tabular', 'modality:timeseries', 'modality:video', 'library:datasets', 'library:dask', 'library:mlcroissant', 'library:polars', 'region:us', 'RoboCoin', 'LeRobot']",True
RoboCOIN/Cobot_Magic_pull_zipper,1060,0,"['task_categories:robotics', 'language:en', 'language:zh', 'license:apache-2.0', 'size_categories:100K<n<1M', 'format:parquet', 'modality:tabular', 'modality:timeseries', 'modality:video', 'library:datasets', 'library:dask', 'library:mlcroissant', 'library:polars', 'region:us', 'RoboCoin', 'LeRobot']",True
RoboCOIN/AgiBot-g1_box_storage_cardboard_box_b,998,0,"['task_categories:robotics', 'language:en', 'language:zh', 'license:apache-2.0', 'size_categories:100K<n<1M', 'format:parquet', 'modality:tabular', 'modality:timeseries', 'modality:video', 'library:datasets', 'library:dask', 'library:mlcroissant', 'library:polars', 'region:us', 'RoboCoin', 'LeRobot']",True
RoboCOIN/Cobot_Magic_fold_clothes,995,0,"['task_categories:robotics', 'language:en', 'language:zh', 'license:apache-2.0', 'size_categories:100K<n<1M', 'format:parquet', 'modality:tabular', 'modality:timeseries', 'modality:video', 'library:datasets', 'library:dask', 'library:mlcroissant', 'library:polars', 'region:us', 'RoboCoin', 'LeRobot']",True
RoboCOIN/leju_robot_moving_parts_c,934,0,"['task_categories:robotics', 'language:en', 'language:zh', 'license:apache-2.0', 'size_categories:100K<n<1M', 'format:parquet', 'modality:tabular', 'modality:timeseries', 'modality:video', 'library:datasets', 'library:dask', 'library:mlcroissant', 'library:polars', 'region:us', 'RoboCoin', 'LeRobot']",True
RoboCOIN/AgiBot-g1_picks_up_battery_b,904,0,"['task_categories:robotics', 'language:en', 'language:zh', 'license:apache-2.0', 'size_categories:100K<n<1M', 'format:parquet', 'modality:tabular', 'modality:timeseries', 'modality:video', 'library:datasets', 'library:dask', 'library:mlcroissant', 'library:polars', 'region:us', 'RoboCoin', 'LeRobot']",True
RoboCOIN/leju_robot_pass_the_cleaner_c,887,0,"['task_categories:robotics', 'language:en', 'language:zh', 'license:apache-2.0', 'size_categories:100K<n<1M', 'format:parquet', 'modality:tabular', 'modality:timeseries', 'modality:video', 'library:datasets', 'library:dask', 'library:mlcroissant', 'library:polars', 'region:us', 'RoboCoin', 'LeRobot']",True
RoboCOIN/leju_robot_pass_the_cleaner_a,878,0,"['task_categories:robotics', 'language:en', 'language:zh', 'license:apache-2.0', 'size_categories:100K<n<1M', 'format:parquet', 'modality:tabular', 'modality:timeseries', 'modality:video', 'library:datasets', 'library:dask', 'library:mlcroissant', 'library:polars', 'region:us', 'RoboCoin', 'LeRobot']",True
RoboCOIN/leju_robot_moving_parts_f,850,0,"['task_categories:robotics', 'language:en', 'language:zh', 'license:apache-2.0', 'size_categories:100K<n<1M', 'format:parquet', 'modality:tabular', 'modality:timeseries', 'modality:video', 'library:datasets', 'library:dask', 'library:mlcroissant', 'library:polars', 'region:us', 'RoboCoin', 'LeRobot']",True
RoboCOIN/leju_robot_pass_the_cleaner_e,842,0,"['task_categories:robotics', 'language:en', 'language:zh', 'license:apache-2.0', 'size_categories:100K<n<1M', 'format:parquet', 'modality:tabular', 'modality:timeseries', 'modality:video', 'library:datasets', 'library:dask', 'library:mlcroissant', 'library:polars', 'region:us', 'RoboCoin', 'LeRobot']",True
RoboCOIN/leju_robot_pass_the_cleaner_b,836,0,"['task_categories:robotics', 'language:en', 'language:zh', 'license:apache-2.0', 'size_categories:100K<n<1M', 'format:parquet', 'modality:tabular', 'modality:timeseries', 'modality:video', 'library:datasets', 'library:dask', 'library:mlcroissant', 'library:polars', 'region:us', 'RoboCoin', 'LeRobot']",True
RoboCOIN/AgiBot-g1_picks_up_cardboard_box,787,0,"['task_categories:robotics', 'language:en', 'language:zh', 'license:apache-2.0', 'size_categories:100K<n<1M', 'format:parquet', 'modality:tabular', 'modality:timeseries', 'modality:video', 'library:datasets', 'library:dask', 'library:mlcroissant', 'library:polars', 'region:us', 'RoboCoin', 'LeRobot']",True
RoboCOIN/RMC-AIDA-L_desktop_organization,771,0,"['task_categories:robotics', 'language:en', 'language:zh', 'license:apache-2.0', 'size_categories:1M<n<10M', 'format:parquet', 'modality:tabular', 'modality:timeseries', 'modality:video', 'library:datasets', 'library:dask', 'library:mlcroissant', 'library:polars', 'region:us', 'RoboCoin', 'LeRobot']",True
RoboCOIN/leju_robot_pass_the_cleaner_d,758,0,"['task_categories:robotics', 'language:en', 'language:zh', 'license:apache-2.0', 'size_categories:100K<n<1M', 'format:parquet', 'modality:tabular', 'modality:timeseries', 'modality:video', 'library:datasets', 'library:dask', 'library:mlcroissant', 'library:polars', 'region:us', 'RoboCoin', 'LeRobot']",True
RoboCOIN/Cobot_Magic_pot_storage_steamer,719,0,"['task_categories:robotics', 'language:en', 'language:zh', 'license:apache-2.0', 'size_categories:100K<n<1M', 'format:parquet', 'modality:tabular', 'modality:timeseries', 'modality:video', 'library:datasets', 'library:dask', 'library:mlcroissant', 'library:polars', 'region:us', 'RoboCoin', 'LeRobot']",True
RoboCOIN/AIRBOT_MMK2_place_the_paper_drawer,682,0,"['task_categories:robotics', 'language:en', 'language:zh', 'license:apache-2.0', 'size_categories:100K<n<1M', 'format:parquet', 'modality:tabular', 'modality:timeseries', 'modality:video', 'library:datasets', 'library:dask', 'library:mlcroissant', 'library:polars', 'region:us', 'RoboCoin', 'LeRobot']",True
RoboCOIN/leju_robot_moving_parts_b,676,0,"['task_categories:robotics', 'language:en', 'language:zh', 'license:apache-2.0', 'size_categories:100K<n<1M', 'format:parquet', 'modality:tabular', 'modality:timeseries', 'modality:video', 'library:datasets', 'library:dask', 'library:mlcroissant', 'library:polars', 'region:us', 'RoboCoin', 'LeRobot']",True
RoboCOIN/Cobot_Magic_prepare_breakfast,668,0,"['task_categories:robotics', 'language:en', 'language:zh', 'license:apache-2.0', 'size_categories:100K<n<1M', 'format:parquet', 'modality:tabular', 'modality:timeseries', 'modality:video', 'library:datasets', 'library:dask', 'library:mlcroissant', 'library:polars', 'region:us', 'RoboCoin', 'LeRobot']",True
RoboCOIN/leju_robot_hotel_services_b,638,0,"['task_categories:robotics', 'language:en', 'language:zh', 'license:apache-2.0', 'size_categories:100K<n<1M', 'format:parquet', 'modality:tabular', 'modality:timeseries', 'modality:video', 'library:datasets', 'library:dask', 'library:mlcroissant', 'library:polars', 'region:us', 'RoboCoin', 'LeRobot']",True
RoboCOIN/leju_robot_box_storage_parcel_j,634,0,"['task_categories:robotics', 'language:en', 'language:zh', 'license:apache-2.0', 'size_categories:100K<n<1M', 'format:parquet', 'modality:tabular', 'modality:timeseries', 'modality:video', 'library:datasets', 'library:dask', 'library:mlcroissant', 'library:polars', 'region:us', 'RoboCoin', 'LeRobot']",True
RoboCOIN/Cobot_Magic_take_out_a_pen_from_the_pen_holder,630,0,"['task_categories:robotics', 'language:en', 'language:zh', 'license:apache-2.0', 'size_categories:100K<n<1M', 'format:parquet', 'modality:tabular', 'modality:timeseries', 'modality:video', 'library:datasets', 'library:dask', 'library:mlcroissant', 'library:polars', 'region:us', 'RoboCoin', 'LeRobot']",True
RoboCOIN/AgiBot-g1_battery_storage_b,610,0,"['task_categories:robotics', 'language:en', 'language:zh', 'license:apache-2.0', 'size_categories:10K<n<100K', 'format:parquet', 'modality:tabular', 'modality:timeseries', 'modality:video', 'library:datasets', 'library:dask', 'library:mlcroissant', 'library:polars', 'region:us', 'RoboCoin', 'LeRobot']",True
RoboCOIN/leju_robot_hotel_services_c,609,0,"['task_categories:robotics', 'language:en', 'language:zh', 'license:apache-2.0', 'size_categories:100K<n<1M', 'format:parquet', 'modality:tabular', 'modality:timeseries', 'modality:video', 'library:datasets', 'library:dask', 'library:mlcroissant', 'library:polars', 'region:us', 'RoboCoin', 'LeRobot']",True
RoboCOIN/Cobot_Magic_steamer_storage_dumpling,596,0,"['task_categories:robotics', 'language:en', 'language:zh', 'license:apache-2.0', 'size_categories:100K<n<1M', 'format:parquet', 'modality:tabular', 'modality:timeseries', 'modality:video', 'library:datasets', 'library:dask', 'library:mlcroissant', 'library:polars', 'region:us', 'RoboCoin', 'LeRobot']",True
RoboCOIN/leju_robot_moving_parts_k,593,0,"['task_categories:robotics', 'language:en', 'language:zh', 'license:apache-2.0', 'size_categories:100K<n<1M', 'format:parquet', 'modality:tabular', 'modality:timeseries', 'modality:video', 'library:datasets', 'library:dask', 'library:mlcroissant', 'library:polars', 'region:us', 'RoboCoin', 'LeRobot']",True
RoboCOIN/Cobot_Magic_the_box_stores_table_tennis_balls,582,0,"['task_categories:robotics', 'language:en', 'language:zh', 'license:apache-2.0', 'size_categories:100K<n<1M', 'format:parquet', 'modality:tabular', 'modality:timeseries', 'modality:video', 'library:datasets', 'library:dask', 'library:mlcroissant', 'library:polars', 'region:us', 'RoboCoin', 'LeRobot']",True
RoboCOIN/leju_robot_box_storage_parcel_a,574,0,"['task_categories:robotics', 'language:en', 'language:zh', 'license:apache-2.0', 'size_categories:100K<n<1M', 'format:parquet', 'modality:tabular', 'modality:timeseries', 'modality:video', 'library:datasets', 'library:dask', 'library:mlcroissant', 'library:polars', 'region:us', 'RoboCoin', 'LeRobot']",True
RoboCOIN/RMC-AIDA-L_glasses_storage,571,0,"['task_categories:robotics', 'language:en', 'language:zh', 'license:apache-2.0', 'size_categories:100K<n<1M', 'format:parquet', 'modality:tabular', 'modality:timeseries', 'modality:video', 'library:datasets', 'library:dask', 'library:mlcroissant', 'library:polars', 'region:us', 'RoboCoin', 'LeRobot']",True
RoboCOIN/Split_aloha_basket_storage_egg_yolk_pastry,566,0,"['task_categories:robotics', 'language:en', 'language:zh', 'license:apache-2.0', 'size_categories:100K<n<1M', 'format:parquet', 'modality:tabular', 'modality:timeseries', 'modality:video', 'library:datasets', 'library:dask', 'library:mlcroissant', 'library:polars', 'region:us', 'RoboCoin', 'LeRobot']",True
RoboCOIN/leju_robot_hotel_services_e,548,0,"['task_categories:robotics', 'language:en', 'language:zh', 'license:apache-2.0', 'size_categories:100K<n<1M', 'format:parquet', 'modality:tabular', 'modality:timeseries', 'modality:video', 'library:datasets', 'library:dask', 'library:mlcroissant', 'library:polars', 'region:us', 'RoboCoin', 'LeRobot']",True
RoboCOIN/leju_robot_box_storage_parcel_c,540,0,"['task_categories:robotics', 'language:en', 'language:zh', 'license:apache-2.0', 'size_categories:100K<n<1M', 'format:parquet', 'modality:tabular', 'modality:timeseries', 'modality:video', 'library:datasets', 'library:dask', 'library:mlcroissant', 'library:polars', 'region:us', 'RoboCoin', 'LeRobot']",True
RoboCOIN/AIRBOT_MMK2_boxs_storage,525,0,"['task_categories:robotics', 'language:en', 'language:zh', 'license:apache-2.0', 'size_categories:10K<n<100K', 'format:parquet', 'modality:tabular', 'modality:timeseries', 'modality:video', 'library:datasets', 'library:dask', 'library:mlcroissant', 'library:polars', 'region:us', 'RoboCoin', 'LeRobot']",True
RoboCOIN/leju_robot_box_storage_parcel_g,525,0,"['task_categories:robotics', 'language:en', 'language:zh', 'license:apache-2.0', 'size_categories:100K<n<1M', 'format:parquet', 'modality:tabular', 'modality:timeseries', 'modality:video', 'library:datasets', 'library:dask', 'library:mlcroissant', 'library:polars', 'region:us', 'RoboCoin', 'LeRobot']",True
RoboCOIN/Cobot_Magic_take_the_shoes_off_the_shelf,524,0,"['task_categories:robotics', 'language:en', 'language:zh', 'license:apache-2.0', 'size_categories:100K<n<1M', 'format:parquet', 'modality:tabular', 'modality:timeseries', 'modality:video', 'library:datasets', 'library:dask', 'library:mlcroissant', 'library:polars', 'region:us', 'RoboCoin', 'LeRobot']",True
RoboCOIN/Split_aloha_basket_storage_peach,524,0,"['task_categories:robotics', 'language:en', 'language:zh', 'license:apache-2.0', 'size_categories:100K<n<1M', 'format:parquet', 'modality:tabular', 'modality:timeseries', 'modality:video', 'library:datasets', 'library:dask', 'library:mlcroissant', 'library:polars', 'region:us', 'RoboCoin', 'LeRobot']",True
RoboCOIN/AIRBOT_MMK2_place_the_cake,522,0,"['task_categories:robotics', 'language:en', 'language:zh', 'license:apache-2.0', 'size_categories:10K<n<100K', 'format:parquet', 'modality:tabular', 'modality:timeseries', 'modality:video', 'library:datasets', 'library:dask', 'library:mlcroissant', 'library:polars', 'region:us', 'RoboCoin', 'LeRobot']",True
RoboCOIN/Cobot_Magic_plate_storaje_baozi,519,0,"['task_categories:robotics', 'language:en', 'language:zh', 'license:apache-2.0', 'size_categories:100K<n<1M', 'format:parquet', 'modality:tabular', 'modality:timeseries', 'modality:video', 'library:datasets', 'library:dask', 'library:mlcroissant', 'library:polars', 'region:us', 'RoboCoin', 'LeRobot']",True
RoboCOIN/leju_robot_box_storage_parcel_d,513,0,"['task_categories:robotics', 'language:en', 'language:zh', 'license:apache-2.0', 'size_categories:100K<n<1M', 'format:parquet', 'modality:tabular', 'modality:timeseries', 'modality:video', 'library:datasets', 'library:dask', 'library:mlcroissant', 'library:polars', 'region:us', 'RoboCoin', 'LeRobot']",True
RoboCOIN/leju_robot_box_storage_parcel_b,511,0,"['task_categories:robotics', 'language:en', 'language:zh', 'license:apache-2.0', 'size_categories:100K<n<1M', 'format:parquet', 'modality:tabular', 'modality:timeseries', 'modality:video', 'library:datasets', 'library:dask', 'library:mlcroissant', 'library:polars', 'region:us', 'RoboCoin', 'LeRobot']",True
RoboCOIN/Split_aloha_pour_rice,499,0,"['task_categories:robotics', 'language:en', 'language:zh', 'license:apache-2.0', 'size_categories:100K<n<1M', 'format:parquet', 'modality:tabular', 'modality:timeseries', 'modality:video', 'library:datasets', 'library:dask', 'library:mlcroissant', 'library:polars', 'region:us', 'RoboCoin', 'LeRobot']",True
RoboCOIN/leju_robot_hotel_services_a,498,0,"['task_categories:robotics', 'language:en', 'language:zh', 'license:apache-2.0', 'size_categories:100K<n<1M', 'format:parquet', 'modality:tabular', 'modality:timeseries', 'modality:video', 'library:datasets', 'library:dask', 'library:mlcroissant', 'library:polars', 'region:us', 'RoboCoin', 'LeRobot']",True
RoboCOIN/Cobot_Magic_take_out_the_bread,496,0,"['task_categories:robotics', 'language:en', 'language:zh', 'license:apache-2.0', 'size_categories:100K<n<1M', 'format:parquet', 'modality:tabular', 'modality:timeseries', 'modality:video', 'library:datasets', 'library:dask', 'library:mlcroissant', 'library:polars', 'region:us', 'RoboCoin', 'LeRobot']",True
RoboCOIN/leju_robot_box_storage_parcel_h,494,0,"['task_categories:robotics', 'language:en', 'language:zh', 'license:apache-2.0', 'size_categories:100K<n<1M', 'format:parquet', 'modality:tabular', 'modality:timeseries', 'modality:video', 'library:datasets', 'library:dask', 'library:mlcroissant', 'library:polars', 'region:us', 'RoboCoin', 'LeRobot']",True
RoboCOIN/AIRBOT_MMK2_food_storage,491,0,"['task_categories:robotics', 'language:en', 'language:zh', 'license:apache-2.0', 'size_categories:10K<n<100K', 'format:parquet', 'modality:tabular', 'modality:timeseries', 'modality:video', 'library:datasets', 'library:dask', 'library:mlcroissant', 'library:polars', 'region:us', 'RoboCoin', 'LeRobot']",True
RoboCOIN/AgiBot-g1_box_storage_b,479,0,"['task_categories:robotics', 'language:en', 'language:zh', 'license:apache-2.0', 'size_categories:10K<n<100K', 'format:parquet', 'modality:tabular', 'modality:timeseries', 'modality:video', 'library:datasets', 'library:dask', 'library:mlcroissant', 'library:polars', 'region:us', 'RoboCoin', 'LeRobot']",True
RoboCOIN/RMC-AIDA-L_clean_table,475,0,"['task_categories:robotics', 'language:en', 'language:zh', 'license:apache-2.0', 'size_categories:100K<n<1M', 'format:parquet', 'modality:tabular', 'modality:timeseries', 'modality:video', 'library:datasets', 'library:dask', 'library:mlcroissant', 'library:polars', 'region:us', 'RoboCoin', 'LeRobot']",True
RoboCOIN/leju_robot_hotel_services_d,468,0,"['task_categories:robotics', 'language:en', 'language:zh', 'license:apache-2.0', 'size_categories:100K<n<1M', 'format:parquet', 'modality:tabular', 'modality:timeseries', 'modality:video', 'library:datasets', 'library:dask', 'library:mlcroissant', 'library:polars', 'region:us', 'RoboCoin', 'LeRobot']",True
RoboCOIN/Cobot_Magic_place_the_test_tube,460,0,"['task_categories:robotics', 'language:en', 'language:zh', 'license:apache-2.0', 'size_categories:100K<n<1M', 'format:parquet', 'modality:tabular', 'modality:timeseries', 'modality:video', 'library:datasets', 'library:dask', 'library:mlcroissant', 'library:polars', 'region:us', 'RoboCoin', 'LeRobot']",True
RoboCOIN/leju_robot_hotel_services_ab,459,0,"['task_categories:robotics', 'language:en', 'language:zh', 'license:apache-2.0', 'size_categories:10K<n<100K', 'format:parquet', 'modality:tabular', 'modality:timeseries', 'modality:video', 'library:datasets', 'library:dask', 'library:mlcroissant', 'library:polars', 'region:us', 'RoboCoin', 'LeRobot']",True
RoboCOIN/Cobot_Magic_clean_blackboard,451,0,"['task_categories:robotics', 'language:en', 'language:zh', 'license:apache-2.0', 'size_categories:100K<n<1M', 'format:parquet', 'modality:tabular', 'modality:timeseries', 'modality:video', 'library:datasets', 'library:dask', 'library:mlcroissant', 'library:polars', 'region:us', 'RoboCoin', 'LeRobot']",True
RoboCOIN/Cobot_Magic_twist_bottle_cap,450,0,"['task_categories:robotics', 'language:en', 'language:zh', 'license:apache-2.0', 'size_categories:100K<n<1M', 'format:parquet', 'modality:tabular', 'modality:timeseries', 'modality:video', 'library:datasets', 'library:dask', 'library:mlcroissant', 'library:polars', 'region:us', 'RoboCoin', 'LeRobot']",True
RoboCOIN/RMC-AIDA-L_fold_shorts,446,0,"['task_categories:robotics', 'language:en', 'language:zh', 'license:apache-2.0', 'size_categories:100K<n<1M', 'format:parquet', 'modality:tabular', 'modality:timeseries', 'modality:video', 'library:datasets', 'library:dask', 'library:mlcroissant', 'library:polars', 'region:us', 'RoboCoin', 'LeRobot']",True
RoboCOIN/R1_Lite_hang_clothes,440,0,"['task_categories:robotics', 'language:en', 'language:zh', 'license:apache-2.0', 'size_categories:100K<n<1M', 'format:parquet', 'modality:tabular', 'modality:timeseries', 'library:datasets', 'library:dask', 'library:mlcroissant', 'library:polars', 'region:us', 'RoboCoin', 'LeRobot']",True
RoboCOIN/leju_robot_hotel_services_aa,439,0,"['task_categories:robotics', 'language:en', 'language:zh', 'license:apache-2.0', 'size_categories:10K<n<100K', 'format:parquet', 'modality:tabular', 'modality:timeseries', 'modality:video', 'library:datasets', 'library:dask', 'library:mlcroissant', 'library:polars', 'region:us', 'RoboCoin', 'LeRobot']",True
RoboCOIN/AgiBot-g1_right_capture_part,439,0,"['task_categories:robotics', 'language:en', 'language:zh', 'license:apache-2.0', 'size_categories:10K<n<100K', 'format:parquet', 'modality:tabular', 'modality:timeseries', 'modality:video', 'library:datasets', 'library:dask', 'library:mlcroissant', 'library:polars', 'region:us', 'RoboCoin', 'LeRobot']",True
RoboCOIN/Cobot_Magic_the_plate_holds_the_vegetables,437,0,"['task_categories:robotics', 'language:en', 'language:zh', 'license:apache-2.0', 'size_categories:100K<n<1M', 'format:parquet', 'modality:tabular', 'modality:timeseries', 'modality:video', 'library:datasets', 'library:dask', 'library:mlcroissant', 'library:polars', 'region:us', 'RoboCoin', 'LeRobot']",True
RoboCOIN/AgiBot-g1_storage_item_b,435,0,"['task_categories:robotics', 'language:en', 'language:zh', 'license:apache-2.0', 'size_categories:10K<n<100K', 'format:parquet', 'modality:tabular', 'modality:timeseries', 'modality:video', 'library:datasets', 'library:dask', 'library:mlcroissant', 'library:polars', 'region:us', 'RoboCoin', 'LeRobot']",True
RoboCOIN/AIRBOT_MMK2_storage_for_building_blocks_and_beauty_sponges,429,0,"['task_categories:robotics', 'language:en', 'language:zh', 'license:apache-2.0', 'size_categories:10K<n<100K', 'format:parquet', 'modality:tabular', 'modality:timeseries', 'modality:video', 'library:datasets', 'library:dask', 'library:mlcroissant', 'library:polars', 'region:us', 'RoboCoin', 'LeRobot']",True
RoboCOIN/Cobot_Magic_classification_of_tableware,427,0,"['task_categories:robotics', 'language:en', 'language:zh', 'license:apache-2.0', 'size_categories:100K<n<1M', 'format:parquet', 'modality:tabular', 'modality:timeseries', 'modality:video', 'library:datasets', 'library:dask', 'library:mlcroissant', 'library:polars', 'region:us', 'RoboCoin', 'LeRobot']",True
RoboCOIN/AgiBot-g1_picks_up_parts_a,426,0,"['task_categories:robotics', 'language:en', 'language:zh', 'license:apache-2.0', 'size_categories:10K<n<100K', 'format:parquet', 'modality:tabular', 'modality:timeseries', 'modality:video', 'library:datasets', 'library:dask', 'library:mlcroissant', 'library:polars', 'region:us', 'RoboCoin', 'LeRobot']",True
RoboCOIN/leju_robot_hotel_services_ag,424,0,"['task_categories:robotics', 'language:en', 'language:zh', 'license:apache-2.0', 'size_categories:10K<n<100K', 'format:parquet', 'modality:tabular', 'modality:timeseries', 'modality:video', 'library:datasets', 'library:dask', 'library:mlcroissant', 'library:polars', 'region:us', 'RoboCoin', 'LeRobot']",True
RoboCOIN/Cobot_Magic_the_plate_holds_the_fruit,420,0,"['task_categories:robotics', 'language:en', 'language:zh', 'license:apache-2.0', 'size_categories:100K<n<1M', 'format:parquet', 'modality:tabular', 'modality:timeseries', 'modality:video', 'library:datasets', 'library:dask', 'library:mlcroissant', 'library:polars', 'region:us', 'RoboCoin', 'LeRobot']",True
RoboCOIN/leju_robot_hotel_services_ac,417,0,"['task_categories:robotics', 'language:en', 'language:zh', 'license:apache-2.0', 'size_categories:10K<n<100K', 'format:parquet', 'modality:tabular', 'modality:timeseries', 'modality:video', 'library:datasets', 'library:dask', 'library:mlcroissant', 'library:polars', 'region:us', 'RoboCoin', 'LeRobot']",True
RoboCOIN/AgiBot-g1_mobile_accessory_storage_box_a,416,0,"['task_categories:robotics', 'language:en', 'language:zh', 'license:apache-2.0', 'size_categories:10K<n<100K', 'format:parquet', 'modality:tabular', 'modality:timeseries', 'modality:video', 'library:datasets', 'library:dask', 'library:mlcroissant', 'library:polars', 'region:us', 'RoboCoin', 'LeRobot']",True
RoboCOIN/leju_robot_hotel_services_af,415,0,"['task_categories:robotics', 'language:en', 'language:zh', 'license:apache-2.0', 'size_categories:10K<n<100K', 'format:parquet', 'modality:tabular', 'modality:timeseries', 'modality:video', 'library:datasets', 'library:dask', 'library:mlcroissant', 'library:polars', 'region:us', 'RoboCoin', 'LeRobot']",True
RoboCOIN/RMC-AIDA-L_stir_coffee,413,0,"['task_categories:robotics', 'language:en', 'language:zh', 'license:apache-2.0', 'size_categories:100K<n<1M', 'format:parquet', 'modality:tabular', 'modality:timeseries', 'modality:video', 'library:datasets', 'library:dask', 'library:mlcroissant', 'library:polars', 'region:us', 'RoboCoin', 'LeRobot']",True
RoboCOIN/R1_Lite_fold_clothes,411,0,"['task_categories:robotics', 'language:en', 'language:zh', 'license:apache-2.0', 'size_categories:100K<n<1M', 'format:parquet', 'modality:tabular', 'modality:timeseries', 'modality:video', 'library:datasets', 'library:dask', 'library:mlcroissant', 'library:polars', 'region:us', 'RoboCoin', 'LeRobot']",True
RoboCOIN/leju_robot_hotel_services_ae,406,0,"['task_categories:robotics', 'language:en', 'language:zh', 'license:apache-2.0', 'size_categories:10K<n<100K', 'format:parquet', 'modality:tabular', 'modality:timeseries', 'modality:video', 'library:datasets', 'library:dask', 'library:mlcroissant', 'library:polars', 'region:us', 'RoboCoin', 'LeRobot']",True
RoboCOIN/Cobot_Magic_fold_the_towel,404,0,"['task_categories:robotics', 'language:en', 'language:zh', 'license:apache-2.0', 'size_categories:100K<n<1M', 'format:parquet', 'modality:tabular', 'modality:timeseries', 'modality:video', 'library:datasets', 'library:dask', 'library:mlcroissant', 'library:polars', 'region:us', 'RoboCoin', 'LeRobot']",True
RoboCOIN/AIRBOT_MMK2_push_building_blocks,402,0,"['task_categories:robotics', 'language:en', 'language:zh', 'license:apache-2.0', 'size_categories:10K<n<100K', 'format:parquet', 'modality:tabular', 'modality:timeseries', 'modality:video', 'library:datasets', 'library:dask', 'library:mlcroissant', 'library:polars', 'region:us', 'RoboCoin', 'LeRobot']",True
RoboCOIN/RMC-AIDA-L_build_blocks,399,0,"['task_categories:robotics', 'language:en', 'language:zh', 'license:apache-2.0', 'size_categories:100K<n<1M', 'format:parquet', 'modality:tabular', 'modality:timeseries', 'modality:video', 'library:datasets', 'library:dask', 'library:mlcroissant', 'library:polars', 'region:us', 'RoboCoin', 'LeRobot']",True
RoboCOIN/leju_robot_moving_parts_u,397,0,"['task_categories:robotics', 'language:en', 'language:zh', 'license:apache-2.0', 'size_categories:100K<n<1M', 'format:parquet', 'modality:tabular', 'modality:timeseries', 'modality:video', 'library:datasets', 'library:dask', 'library:mlcroissant', 'library:polars', 'region:us', 'RoboCoin', 'LeRobot']",True
RoboCOIN/leju_robot_hotel_services_ad,395,0,"['task_categories:robotics', 'language:en', 'language:zh', 'license:apache-2.0', 'size_categories:10K<n<100K', 'format:parquet', 'modality:tabular', 'modality:timeseries', 'modality:video', 'library:datasets', 'library:dask', 'library:mlcroissant', 'library:polars', 'region:us', 'RoboCoin', 'LeRobot']",True
RoboCOIN/Cobot_Magic_turn_on_the_desk_lamp,389,0,"['task_categories:robotics', 'language:en', 'language:zh', 'license:apache-2.0', 'size_categories:100K<n<1M', 'format:parquet', 'modality:tabular', 'modality:timeseries', 'modality:video', 'library:datasets', 'library:dask', 'library:mlcroissant', 'library:polars', 'region:us', 'RoboCoin', 'LeRobot']",True
RoboCOIN/AIRBOT_MMK2_stacking_blocks,381,0,"['task_categories:robotics', 'language:en', 'language:zh', 'license:apache-2.0', 'size_categories:10K<n<100K', 'format:parquet', 'modality:tabular', 'modality:timeseries', 'modality:video', 'library:datasets', 'library:dask', 'library:mlcroissant', 'library:polars', 'region:us', 'RoboCoin', 'LeRobot']",True
RoboCOIN/RMC-AIDA-L_pour_tea,375,0,"['task_categories:robotics', 'language:en', 'language:zh', 'license:apache-2.0', 'size_categories:100K<n<1M', 'format:parquet', 'modality:tabular', 'modality:timeseries', 'modality:video', 'library:datasets', 'library:dask', 'library:mlcroissant', 'library:polars', 'region:us', 'RoboCoin', 'LeRobot']",True
RoboCOIN/AIRBOT_MMK2_bowl_storage_pepper,373,0,"['task_categories:robotics', 'language:en', 'language:zh', 'license:apache-2.0', 'size_categories:10K<n<100K', 'format:parquet', 'modality:tabular', 'modality:timeseries', 'modality:video', 'library:datasets', 'library:dask', 'library:mlcroissant', 'library:polars', 'region:us', 'RoboCoin', 'LeRobot']",True
RoboCOIN/AgiBot-g1_mobile_accessory_storage_box_c,372,0,"['task_categories:robotics', 'language:en', 'language:zh', 'license:apache-2.0', 'size_categories:10K<n<100K', 'format:parquet', 'modality:tabular', 'modality:timeseries', 'modality:video', 'library:datasets', 'library:dask', 'library:mlcroissant', 'library:polars', 'region:us', 'RoboCoin', 'LeRobot']",True
RoboCOIN/AgiBot-g1_robotic_arm_picks_up_parts,369,0,"['task_categories:robotics', 'language:en', 'language:zh', 'license:apache-2.0', 'size_categories:10K<n<100K', 'format:parquet', 'modality:tabular', 'modality:timeseries', 'modality:video', 'library:datasets', 'library:dask', 'library:mlcroissant', 'library:polars', 'region:us', 'RoboCoin', 'LeRobot']",True
RoboCOIN/Split_aloha_basket_storage_orange,367,0,"['task_categories:robotics', 'language:en', 'language:zh', 'license:apache-2.0', 'size_categories:100K<n<1M', 'format:parquet', 'modality:tabular', 'modality:timeseries', 'modality:video', 'library:datasets', 'library:dask', 'library:mlcroissant', 'library:polars', 'region:us', 'RoboCoin', 'LeRobot']",True
RoboCOIN/R1_Lite_take_and_place_the_portable_power_bank,364,0,"['task_categories:robotics', 'language:en', 'language:zh', 'license:apache-2.0', 'size_categories:100K<n<1M', 'format:parquet', 'modality:tabular', 'modality:timeseries', 'modality:video', 'library:datasets', 'library:dask', 'library:mlcroissant', 'library:polars', 'region:us', 'RoboCoin', 'LeRobot']",True
RoboCOIN/RMC-AIDA-L_basket_storage_banana,364,0,"['task_categories:robotics', 'language:en', 'language:zh', 'license:apache-2.0', 'size_categories:100K<n<1M', 'format:parquet', 'modality:tabular', 'modality:timeseries', 'modality:video', 'library:datasets', 'library:dask', 'library:mlcroissant', 'library:polars', 'region:us', 'RoboCoin', 'LeRobot']",True
RoboCOIN/R1_Lite_make_a_landline_call,361,0,"['task_categories:robotics', 'language:en', 'language:zh', 'license:apache-2.0', 'size_categories:10K<n<100K', 'format:parquet', 'modality:tabular', 'modality:timeseries', 'modality:video', 'library:datasets', 'library:dask', 'library:mlcroissant', 'library:polars', 'region:us', 'RoboCoin', 'LeRobot']",True
RoboCOIN/R1_Lite_take_and_put_away_garden_stuff_a,361,0,"['task_categories:robotics', 'language:en', 'language:zh', 'license:apache-2.0', 'size_categories:100K<n<1M', 'format:parquet', 'modality:tabular', 'modality:timeseries', 'modality:video', 'library:datasets', 'library:dask', 'library:mlcroissant', 'library:polars', 'region:us', 'RoboCoin', 'LeRobot']",True
RoboCOIN/AIRBOT_MMK2_egg_storage,359,0,"['task_categories:robotics', 'language:en', 'language:zh', 'license:apache-2.0', 'size_categories:10K<n<100K', 'format:parquet', 'modality:tabular', 'modality:timeseries', 'modality:video', 'library:datasets', 'library:dask', 'library:mlcroissant', 'library:polars', 'region:us', 'RoboCoin', 'LeRobot']",True
RoboCOIN/Cobot_Magic_close_book,359,0,"['task_categories:robotics', 'language:en', 'language:zh', 'license:apache-2.0', 'size_categories:100K<n<1M', 'format:parquet', 'modality:tabular', 'modality:timeseries', 'modality:video', 'library:datasets', 'library:dask', 'library:mlcroissant', 'library:polars', 'region:us', 'RoboCoin', 'LeRobot']",True
RoboCOIN/R1_Lite_tableware_cleaning,357,0,"['task_categories:robotics', 'language:en', 'language:zh', 'license:apache-2.0', 'size_categories:100K<n<1M', 'format:parquet', 'modality:tabular', 'modality:timeseries', 'modality:video', 'library:datasets', 'library:dask', 'library:mlcroissant', 'library:polars', 'region:us', 'RoboCoin', 'LeRobot']",True
RoboCOIN/R1_Lite_dispose_of_leftover_food,355,0,"['task_categories:robotics', 'language:en', 'language:zh', 'license:apache-2.0', 'size_categories:100K<n<1M', 'format:parquet', 'modality:tabular', 'modality:timeseries', 'modality:video', 'library:datasets', 'library:dask', 'library:mlcroissant', 'library:polars', 'region:us', 'RoboCoin', 'LeRobot']",True
RoboCOIN/R1_Lite_make_the_bed,355,0,"['task_categories:robotics', 'language:en', 'language:zh', 'license:apache-2.0', 'size_categories:100K<n<1M', 'format:parquet', 'modality:tabular', 'modality:timeseries', 'modality:video', 'library:datasets', 'library:dask', 'library:mlcroissant', 'library:polars', 'region:us', 'RoboCoin', 'LeRobot']",True
RoboCOIN/AgiBot-g1_remove_the_accessory,354,0,"['task_categories:robotics', 'language:en', 'language:zh', 'license:apache-2.0', 'size_categories:10K<n<100K', 'format:parquet', 'modality:tabular', 'modality:timeseries', 'modality:video', 'library:datasets', 'library:dask', 'library:mlcroissant', 'library:polars', 'region:us', 'RoboCoin', 'LeRobot']",True
RoboCOIN/R1_Lite_tidy_up_toiletries,346,0,"['task_categories:robotics', 'language:en', 'language:zh', 'license:apache-2.0', 'size_categories:100K<n<1M', 'format:parquet', 'modality:tabular', 'modality:timeseries', 'modality:video', 'library:datasets', 'library:dask', 'library:mlcroissant', 'library:polars', 'region:us', 'RoboCoin', 'LeRobot']",True
RoboCOIN/alpha_bot_2_recover_after_touching_an_obstacle,342,0,"['task_categories:robotics', 'language:en', 'language:zh', 'license:apache-2.0', 'size_categories:100K<n<1M', 'format:parquet', 'modality:tabular', 'modality:timeseries', 'modality:video', 'library:datasets', 'library:dask', 'library:mlcroissant', 'library:polars', 'region:us', 'RoboCoin', 'LeRobot']",True
RoboCOIN/R1_Lite_clean_toilet,340,0,"['task_categories:robotics', 'language:en', 'language:zh', 'license:apache-2.0', 'size_categories:100K<n<1M', 'format:parquet', 'modality:tabular', 'modality:timeseries', 'modality:video', 'library:datasets', 'library:dask', 'library:mlcroissant', 'library:polars', 'region:us', 'RoboCoin', 'LeRobot']",True
RoboCOIN/RMC-AIDA-L_food_packaging,339,0,"['task_categories:robotics', 'language:en', 'language:zh', 'license:apache-2.0', 'size_categories:100K<n<1M', 'format:parquet', 'modality:tabular', 'modality:timeseries', 'modality:video', 'library:datasets', 'library:dask', 'library:mlcroissant', 'library:polars', 'region:us', 'RoboCoin', 'LeRobot']",True
RoboCOIN/leju_robot_hotel_services_f,336,0,"['task_categories:robotics', 'language:en', 'language:zh', 'license:apache-2.0', 'size_categories:10K<n<100K', 'format:parquet', 'modality:tabular', 'modality:timeseries', 'modality:video', 'library:datasets', 'library:dask', 'library:mlcroissant', 'library:polars', 'region:us', 'RoboCoin', 'LeRobot']",True
RoboCOIN/alpha_bot_2_sticker,335,0,"['task_categories:robotics', 'language:en', 'language:zh', 'license:apache-2.0', 'size_categories:10K<n<100K', 'format:parquet', 'modality:tabular', 'modality:timeseries', 'modality:video', 'library:datasets', 'library:dask', 'library:mlcroissant', 'library:polars', 'region:us', 'RoboCoin', 'LeRobot']",True
RoboCOIN/R1_Lite_put_on_a_garbage_bag,333,0,"['task_categories:robotics', 'language:en', 'language:zh', 'license:apache-2.0', 'size_categories:100K<n<1M', 'format:parquet', 'modality:tabular', 'modality:timeseries', 'modality:video', 'library:datasets', 'library:dask', 'library:mlcroissant', 'library:polars', 'region:us', 'RoboCoin', 'LeRobot']",True
RoboCOIN/R1_Lite_open_and_close_curtains,331,0,"['task_categories:robotics', 'language:en', 'language:zh', 'license:apache-2.0', 'size_categories:100K<n<1M', 'format:parquet', 'modality:tabular', 'modality:timeseries', 'modality:video', 'library:datasets', 'library:dask', 'library:mlcroissant', 'library:polars', 'region:us', 'RoboCoin', 'LeRobot']",True
RoboCOIN/AgiBot-g1_box_storage_c,329,0,"['task_categories:robotics', 'language:en', 'language:zh', 'license:apache-2.0', 'size_categories:10K<n<100K', 'format:parquet', 'modality:tabular', 'modality:timeseries', 'modality:video', 'library:datasets', 'library:dask', 'library:mlcroissant', 'library:polars', 'region:us', 'RoboCoin', 'LeRobot']",True
RoboCOIN/R1_Lite_washing_board,324,0,"['task_categories:robotics', 'language:en', 'language:zh', 'license:apache-2.0', 'size_categories:100K<n<1M', 'format:parquet', 'modality:tabular', 'modality:timeseries', 'modality:video', 'library:datasets', 'library:dask', 'library:mlcroissant', 'library:polars', 'region:us', 'RoboCoin', 'LeRobot']",True
RoboCOIN/R1_Lite_wash_the_tableware,322,0,"['task_categories:robotics', 'language:en', 'language:zh', 'license:apache-2.0', 'size_categories:100K<n<1M', 'format:parquet', 'modality:tabular', 'modality:timeseries', 'modality:video', 'library:datasets', 'library:dask', 'library:mlcroissant', 'library:polars', 'region:us', 'RoboCoin', 'LeRobot']",True
RoboCOIN/R1_Lite_storage_of_toiletries,319,0,"['task_categories:robotics', 'language:en', 'language:zh', 'license:apache-2.0', 'size_categories:100K<n<1M', 'format:parquet', 'modality:tabular', 'modality:timeseries', 'modality:video', 'library:datasets', 'library:dask', 'library:mlcroissant', 'library:polars', 'region:us', 'RoboCoin', 'LeRobot']",True
RoboCOIN/R1_Lite_make_tea,318,0,"['task_categories:robotics', 'language:en', 'language:zh', 'license:apache-2.0', 'size_categories:100K<n<1M', 'format:parquet', 'modality:tabular', 'modality:timeseries', 'modality:video', 'library:datasets', 'library:dask', 'library:mlcroissant', 'library:polars', 'region:us', 'RoboCoin', 'LeRobot']",True
RoboCOIN/AIRBOT_MMK2_place_the_glasses_case_and_gold_bars,317,0,"['task_categories:robotics', 'language:en', 'language:zh', 'license:apache-2.0', 'size_categories:10K<n<100K', 'format:parquet', 'modality:tabular', 'modality:timeseries', 'modality:video', 'library:datasets', 'library:dask', 'library:mlcroissant', 'library:polars', 'region:us', 'RoboCoin', 'LeRobot']",True
RoboCOIN/AIRBOT_MMK2_store_wet_wipes_and_bowls,317,0,"['task_categories:robotics', 'language:en', 'language:zh', 'license:apache-2.0', 'size_categories:10K<n<100K', 'format:parquet', 'modality:tabular', 'modality:timeseries', 'modality:video', 'library:datasets', 'library:dask', 'library:mlcroissant', 'library:polars', 'region:us', 'RoboCoin', 'LeRobot']",True
RoboCOIN/Split_aloha_basket_storage_banana,314,0,"['task_categories:robotics', 'language:en', 'language:zh', 'license:apache-2.0', 'size_categories:100K<n<1M', 'format:parquet', 'modality:tabular', 'modality:timeseries', 'modality:video', 'library:datasets', 'library:dask', 'library:mlcroissant', 'library:polars', 'region:us', 'RoboCoin', 'LeRobot']",True
RoboCOIN/alpha_bot_2_item_reversal,314,0,"['task_categories:robotics', 'language:en', 'language:zh', 'license:apache-2.0', 'size_categories:10K<n<100K', 'format:parquet', 'modality:tabular', 'modality:timeseries', 'modality:video', 'library:datasets', 'library:dask', 'library:mlcroissant', 'library:polars', 'region:us', 'RoboCoin', 'LeRobot']",True
RoboCOIN/R1_Lite_sliding_chair,312,0,"['task_categories:robotics', 'language:en', 'language:zh', 'license:apache-2.0', 'size_categories:100K<n<1M', 'format:parquet', 'modality:tabular', 'modality:timeseries', 'modality:video', 'library:datasets', 'library:dask', 'library:mlcroissant', 'library:polars', 'region:us', 'RoboCoin', 'LeRobot']",True
RoboCOIN/AgiBot-g1_tool_storage,310,0,"['task_categories:robotics', 'language:en', 'language:zh', 'license:apache-2.0', 'size_categories:10K<n<100K', 'format:parquet', 'modality:tabular', 'modality:timeseries', 'modality:video', 'library:datasets', 'library:dask', 'library:mlcroissant', 'library:polars', 'region:us', 'RoboCoin', 'LeRobot']",True
RoboCOIN/AgiBot-g1_box_storage_e,303,0,"['task_categories:robotics', 'language:en', 'language:zh', 'license:apache-2.0', 'size_categories:10K<n<100K', 'format:parquet', 'modality:tabular', 'modality:timeseries', 'modality:video', 'library:datasets', 'library:dask', 'library:mlcroissant', 'library:polars', 'region:us', 'RoboCoin', 'LeRobot']",True
RoboCOIN/R1_Lite_clean_the_floor,303,0,"['task_categories:robotics', 'language:en', 'language:zh', 'license:apache-2.0', 'size_categories:100K<n<1M', 'format:parquet', 'modality:tabular', 'modality:timeseries', 'modality:video', 'library:datasets', 'library:dask', 'library:mlcroissant', 'library:polars', 'region:us', 'RoboCoin', 'LeRobot']",True
RoboCOIN/Cobot_Magic_pour_water_bottle,302,0,"['task_categories:robotics', 'language:en', 'language:zh', 'license:apache-2.0', 'size_categories:10K<n<100K', 'format:parquet', 'modality:tabular', 'modality:timeseries', 'modality:video', 'library:datasets', 'library:dask', 'library:mlcroissant', 'library:polars', 'region:us', 'RoboCoin', 'LeRobot']",True
RoboCOIN/AIRBOT_MMK2_toy_storage,298,0,"['task_categories:robotics', 'language:en', 'language:zh', 'license:apache-2.0', 'size_categories:10K<n<100K', 'format:parquet', 'modality:tabular', 'modality:timeseries', 'modality:video', 'library:datasets', 'library:dask', 'library:mlcroissant', 'library:polars', 'region:us', 'RoboCoin', 'LeRobot']",True
RoboCOIN/AgiBot-g1_mobile_accessory_storage_box_e,298,0,"['task_categories:robotics', 'language:en', 'language:zh', 'license:apache-2.0', 'size_categories:10K<n<100K', 'format:parquet', 'modality:tabular', 'modality:timeseries', 'modality:video', 'library:datasets', 'library:dask', 'library:mlcroissant', 'library:polars', 'region:us', 'RoboCoin', 'LeRobot']",True
RoboCOIN/alpha_bot_2_carry_the_clothes_basket,296,0,"['task_categories:robotics', 'language:en', 'language:zh', 'license:apache-2.0', 'size_categories:10K<n<100K', 'format:parquet', 'modality:tabular', 'modality:timeseries', 'modality:video', 'library:datasets', 'library:dask', 'library:mlcroissant', 'library:polars', 'region:us', 'RoboCoin', 'LeRobot']",True
RoboCOIN/R1_Lite_connect_the_router_cable,295,0,"['task_categories:robotics', 'language:en', 'language:zh', 'license:apache-2.0', 'size_categories:100K<n<1M', 'format:parquet', 'modality:tabular', 'modality:timeseries', 'modality:video', 'library:datasets', 'library:dask', 'library:mlcroissant', 'library:polars', 'region:us', 'RoboCoin', 'LeRobot']",True
RoboCOIN/Split_aloha_scoop_coffee_beans,294,0,"['task_categories:robotics', 'language:en', 'language:zh', 'license:apache-2.0', 'size_categories:100K<n<1M', 'format:parquet', 'modality:tabular', 'modality:timeseries', 'modality:video', 'library:datasets', 'library:dask', 'library:mlcroissant', 'library:polars', 'region:us', 'RoboCoin', 'LeRobot']",True
RoboCOIN/Tianqin_A2_container_storage_graphics_card,292,0,"['task_categories:robotics', 'language:en', 'language:zh', 'license:apache-2.0', 'size_categories:100K<n<1M', 'format:parquet', 'modality:tabular', 'modality:timeseries', 'modality:video', 'library:datasets', 'library:dask', 'library:mlcroissant', 'library:polars', 'region:us', 'RoboCoin', 'LeRobot']",True
RoboCOIN/Cobot_Magic_clear_the_desktop,291,0,"['task_categories:robotics', 'language:en', 'language:zh', 'license:apache-2.0', 'size_categories:100K<n<1M', 'format:parquet', 'modality:tabular', 'modality:timeseries', 'modality:video', 'library:datasets', 'library:dask', 'library:mlcroissant', 'library:polars', 'region:us', 'RoboCoin', 'LeRobot']",True
RoboCOIN/R1_Lite_take_or_store_plates,287,0,"['task_categories:robotics', 'language:en', 'language:zh', 'license:apache-2.0', 'size_categories:100K<n<1M', 'format:parquet', 'modality:tabular', 'modality:timeseries', 'modality:video', 'library:datasets', 'library:dask', 'library:mlcroissant', 'library:polars', 'region:us', 'RoboCoin', 'LeRobot']",True
RoboCOIN/AIRBOT_MMK2_take_down_umbrella_and_mineral_water,286,0,"['task_categories:robotics', 'language:en', 'language:zh', 'license:apache-2.0', 'size_categories:10K<n<100K', 'format:parquet', 'modality:tabular', 'modality:timeseries', 'modality:video', 'library:datasets', 'library:dask', 'library:mlcroissant', 'library:polars', 'region:us', 'RoboCoin', 'LeRobot']",True
RoboCOIN/Cobot_Magic_mobile_cube_blackboard,285,0,"['task_categories:robotics', 'language:en', 'language:zh', 'license:apache-2.0', 'size_categories:100K<n<1M', 'format:parquet', 'modality:tabular', 'modality:timeseries', 'modality:video', 'library:datasets', 'library:dask', 'library:mlcroissant', 'library:polars', 'region:us', 'RoboCoin', 'LeRobot']",True
RoboCOIN/AgiBot-g1_robotic_arm_picks_up_battery,285,0,"['task_categories:robotics', 'language:en', 'language:zh', 'license:apache-2.0', 'size_categories:10K<n<100K', 'format:parquet', 'modality:tabular', 'modality:timeseries', 'modality:video', 'library:datasets', 'library:dask', 'library:mlcroissant', 'library:polars', 'region:us', 'RoboCoin', 'LeRobot']",True
RoboCOIN/R1_Lite_take_and_put_away_garden_stuff,285,0,"['task_categories:robotics', 'language:en', 'language:zh', 'license:apache-2.0', 'size_categories:100K<n<1M', 'format:parquet', 'modality:tabular', 'modality:timeseries', 'modality:video', 'library:datasets', 'library:dask', 'library:mlcroissant', 'library:polars', 'region:us', 'RoboCoin', 'LeRobot']",True
RoboCOIN/Split_aloha_basket_storage_bread,282,0,"['task_categories:robotics', 'language:en', 'language:zh', 'license:apache-2.0', 'size_categories:100K<n<1M', 'format:parquet', 'modality:tabular', 'modality:timeseries', 'modality:video', 'library:datasets', 'library:dask', 'library:mlcroissant', 'library:polars', 'region:us', 'RoboCoin', 'LeRobot']",True
RoboCOIN/R1_Lite_take_and_put_away_items,281,0,"['task_categories:robotics', 'language:en', 'language:zh', 'license:apache-2.0', 'size_categories:100K<n<1M', 'format:parquet', 'modality:tabular', 'modality:timeseries', 'modality:video', 'library:datasets', 'library:dask', 'library:mlcroissant', 'library:polars', 'region:us', 'RoboCoin', 'LeRobot']",True
RoboCOIN/R1_Lite_cover_the_pot_lid,281,0,"['task_categories:robotics', 'language:en', 'language:zh', 'license:apache-2.0', 'size_categories:10K<n<100K', 'format:parquet', 'modality:tabular', 'modality:timeseries', 'modality:video', 'library:datasets', 'library:dask', 'library:mlcroissant', 'library:polars', 'region:us', 'RoboCoin', 'LeRobot']",True
RoboCOIN/R1_Lite_open_and_close_nightstand_door,280,0,"['task_categories:robotics', 'language:en', 'language:zh', 'license:apache-2.0', 'size_categories:100K<n<1M', 'format:parquet', 'modality:tabular', 'modality:timeseries', 'modality:video', 'library:datasets', 'library:dask', 'library:mlcroissant', 'library:polars', 'region:us', 'RoboCoin', 'LeRobot']",True
RoboCOIN/alpha_bot_2_move_the_table,280,0,"['task_categories:robotics', 'language:en', 'language:zh', 'license:apache-2.0', 'size_categories:10K<n<100K', 'format:parquet', 'modality:tabular', 'modality:timeseries', 'modality:video', 'library:datasets', 'library:dask', 'library:mlcroissant', 'library:polars', 'region:us', 'RoboCoin', 'LeRobot']",True
RoboCOIN/AIRBOT_MMK2_clean_the_desktop_a,273,0,"['task_categories:robotics', 'language:en', 'language:zh', 'license:apache-2.0', 'size_categories:1K<n<10K', 'format:parquet', 'modality:tabular', 'modality:timeseries', 'modality:video', 'library:datasets', 'library:dask', 'library:mlcroissant', 'library:polars', 'region:us', 'RoboCoin', 'LeRobot']",True
RoboCOIN/Split_aloha_wipe_the_table,264,0,"['task_categories:robotics', 'language:en', 'language:zh', 'license:apache-2.0', 'size_categories:100K<n<1M', 'format:parquet', 'modality:tabular', 'modality:timeseries', 'modality:video', 'library:datasets', 'library:dask', 'library:mlcroissant', 'library:polars', 'region:us', 'RoboCoin', 'LeRobot']",True
RoboCOIN/R1_Lite_peach_storage,264,0,"['task_categories:robotics', 'language:en', 'language:zh', 'license:apache-2.0', 'size_categories:10K<n<100K', 'format:parquet', 'modality:tabular', 'modality:timeseries', 'modality:video', 'library:datasets', 'library:dask', 'library:mlcroissant', 'library:polars', 'region:us', 'RoboCoin', 'LeRobot']",True
RoboCOIN/R1_Lite_put_the_pillow_on_the_bed,262,0,"['task_categories:robotics', 'language:en', 'language:zh', 'license:apache-2.0', 'size_categories:10K<n<100K', 'format:parquet', 'modality:tabular', 'modality:timeseries', 'modality:video', 'library:datasets', 'library:dask', 'library:mlcroissant', 'library:polars', 'region:us', 'RoboCoin', 'LeRobot']",True
RoboCOIN/R1_Lite_boil_water_in_a_kettle,262,0,"['task_categories:robotics', 'language:en', 'language:zh', 'license:apache-2.0', 'size_categories:10K<n<100K', 'format:parquet', 'modality:tabular', 'modality:timeseries', 'modality:video', 'library:datasets', 'library:dask', 'library:mlcroissant', 'library:polars', 'region:us', 'RoboCoin', 'LeRobot']",True
RoboCOIN/R1_Lite_wipe_the_table,262,0,"['task_categories:robotics', 'language:en', 'language:zh', 'license:apache-2.0', 'size_categories:10K<n<100K', 'format:parquet', 'modality:tabular', 'modality:timeseries', 'modality:video', 'library:datasets', 'library:dask', 'library:mlcroissant', 'library:polars', 'region:us', 'RoboCoin', 'LeRobot']",True
RoboCOIN/Cobot_Magic_storage_plate,260,0,"['task_categories:robotics', 'language:en', 'language:zh', 'license:apache-2.0', 'size_categories:10K<n<100K', 'format:parquet', 'modality:tabular', 'modality:timeseries', 'modality:video', 'library:datasets', 'library:dask', 'library:mlcroissant', 'library:polars', 'region:us', 'RoboCoin', 'LeRobot']",True
RoboCOIN/Split_aloha_wipe_table,260,0,"['task_categories:robotics', 'language:en', 'language:zh', 'license:apache-2.0', 'size_categories:100K<n<1M', 'format:parquet', 'modality:tabular', 'modality:timeseries', 'modality:video', 'library:datasets', 'library:dask', 'library:mlcroissant', 'library:polars', 'region:us', 'RoboCoin', 'LeRobot']",True
RoboCOIN/R1_Lite_catch_the_water,260,0,"['task_categories:robotics', 'language:en', 'language:zh', 'license:apache-2.0', 'size_categories:100K<n<1M', 'format:parquet', 'modality:tabular', 'modality:timeseries', 'modality:video', 'library:datasets', 'library:dask', 'library:mlcroissant', 'library:polars', 'region:us', 'RoboCoin', 'LeRobot']",True
RoboCOIN/Split_aloha_zip_up_the_document_bag,259,0,"['task_categories:robotics', 'language:en', 'language:zh', 'license:apache-2.0', 'size_categories:100K<n<1M', 'format:parquet', 'modality:tabular', 'modality:timeseries', 'modality:video', 'library:datasets', 'library:dask', 'library:mlcroissant', 'library:polars', 'region:us', 'RoboCoin', 'LeRobot']",True
RoboCOIN/RMC-AIDA-L_pour_coffee_beans,259,0,"['task_categories:robotics', 'language:en', 'language:zh', 'license:apache-2.0', 'size_categories:100K<n<1M', 'format:parquet', 'modality:tabular', 'modality:timeseries', 'modality:video', 'library:datasets', 'library:dask', 'library:mlcroissant', 'library:polars', 'region:us', 'RoboCoin', 'LeRobot']",True
RoboCOIN/Cobot_Magic_movethe_position_of_the_bluetooth,259,0,"['task_categories:robotics', 'language:en', 'language:zh', 'license:apache-2.0', 'size_categories:10K<n<100K', 'format:parquet', 'modality:tabular', 'modality:timeseries', 'modality:video', 'library:datasets', 'library:dask', 'library:mlcroissant', 'library:polars', 'region:us', 'RoboCoin', 'LeRobot']",True
RoboCOIN/RMC-AIDA-L_stack_baskets,258,0,"['task_categories:robotics', 'language:en', 'language:zh', 'license:apache-2.0', 'size_categories:100K<n<1M', 'format:parquet', 'modality:tabular', 'modality:timeseries', 'modality:video', 'library:datasets', 'library:dask', 'library:mlcroissant', 'library:polars', 'region:us', 'RoboCoin', 'LeRobot']",True
RoboCOIN/R1_Lite_place_the_dress_shirt_on_the_hanger,257,0,"['task_categories:robotics', 'language:en', 'language:zh', 'license:apache-2.0', 'size_categories:100K<n<1M', 'format:parquet', 'modality:tabular', 'modality:timeseries', 'modality:video', 'library:datasets', 'library:dask', 'library:mlcroissant', 'library:polars', 'region:us', 'RoboCoin', 'LeRobot']",True
RoboCOIN/AgiBot-g1_box_storage_a,257,0,"['task_categories:robotics', 'language:en', 'language:zh', 'license:apache-2.0', 'size_categories:10K<n<100K', 'format:parquet', 'modality:tabular', 'modality:timeseries', 'modality:video', 'library:datasets', 'library:dask', 'library:mlcroissant', 'library:polars', 'region:us', 'RoboCoin', 'LeRobot']",True
RoboCOIN/alpha_bot_2_pass_the_sandbag,256,0,"['task_categories:robotics', 'language:en', 'language:zh', 'license:apache-2.0', 'size_categories:10K<n<100K', 'format:parquet', 'modality:tabular', 'modality:timeseries', 'modality:video', 'library:datasets', 'library:dask', 'library:mlcroissant', 'library:polars', 'region:us', 'RoboCoin', 'LeRobot']",True
RoboCOIN/R1_Lite_open_and_close_nightstand_drawer,253,0,"['task_categories:robotics', 'language:en', 'language:zh', 'license:apache-2.0', 'size_categories:100K<n<1M', 'format:parquet', 'modality:tabular', 'modality:timeseries', 'modality:video', 'library:datasets', 'library:dask', 'library:mlcroissant', 'library:polars', 'region:us', 'RoboCoin', 'LeRobot']",True
RoboCOIN/alpha_bot_2_operate_the_microwave_oven,252,0,"['task_categories:robotics', 'language:en', 'language:zh', 'license:apache-2.0', 'size_categories:10K<n<100K', 'format:parquet', 'modality:tabular', 'modality:timeseries', 'modality:video', 'library:datasets', 'library:dask', 'library:mlcroissant', 'library:polars', 'region:us', 'RoboCoin', 'LeRobot']",True
RoboCOIN/AIRBOT_MMK2_store_beauty_blender_and_building_blocks,248,0,"['task_categories:robotics', 'language:en', 'language:zh', 'license:apache-2.0', 'size_categories:1K<n<10K', 'format:parquet', 'modality:tabular', 'modality:timeseries', 'modality:video', 'library:datasets', 'library:dask', 'library:mlcroissant', 'library:polars', 'region:us', 'RoboCoin', 'LeRobot']",True
RoboCOIN/R1_Lite_open_and_close_the_freezer_door,248,0,"['task_categories:robotics', 'language:en', 'language:zh', 'license:apache-2.0', 'size_categories:100K<n<1M', 'format:parquet', 'modality:tabular', 'modality:timeseries', 'modality:video', 'library:datasets', 'library:dask', 'library:mlcroissant', 'library:polars', 'region:us', 'RoboCoin', 'LeRobot']",True
RoboCOIN/Cobot_Magic_move_beverage,247,0,"['task_categories:robotics', 'language:en', 'language:zh', 'license:apache-2.0', 'size_categories:10K<n<100K', 'format:parquet', 'modality:tabular', 'modality:timeseries', 'modality:video', 'library:datasets', 'library:dask', 'library:mlcroissant', 'library:polars', 'region:us', 'RoboCoin', 'LeRobot']",True
RoboCOIN/R1_Lite_open_the_food_pan,247,0,"['task_categories:robotics', 'language:en', 'language:zh', 'license:apache-2.0', 'size_categories:10K<n<100K', 'format:parquet', 'modality:tabular', 'modality:timeseries', 'modality:video', 'library:datasets', 'library:dask', 'library:mlcroissant', 'library:polars', 'region:us', 'RoboCoin', 'LeRobot']",True
RoboCOIN/AIRBOT_MMK2_potato_storage,239,0,"['task_categories:robotics', 'language:en', 'language:zh', 'license:apache-2.0', 'size_categories:1K<n<10K', 'format:parquet', 'modality:tabular', 'modality:timeseries', 'modality:video', 'library:datasets', 'library:dask', 'library:mlcroissant', 'library:polars', 'region:us', 'RoboCoin', 'LeRobot']",True
RoboCOIN/R1_Lite_stack_baskets,237,0,"['task_categories:robotics', 'language:en', 'language:zh', 'license:apache-2.0', 'size_categories:10K<n<100K', 'format:parquet', 'modality:tabular', 'modality:timeseries', 'modality:video', 'library:datasets', 'library:dask', 'library:mlcroissant', 'library:polars', 'region:us', 'RoboCoin', 'LeRobot']",True
RoboCOIN/AIRBOT_MMK2_place_the_books,237,0,"['task_categories:robotics', 'language:en', 'language:zh', 'license:apache-2.0', 'size_categories:10K<n<100K', 'format:parquet', 'modality:tabular', 'modality:timeseries', 'modality:video', 'library:datasets', 'library:dask', 'library:mlcroissant', 'library:polars', 'region:us', 'RoboCoin', 'LeRobot']",True
RoboCOIN/Cobot_Magic_move_the_bread,237,0,"['task_categories:robotics', 'language:en', 'language:zh', 'license:apache-2.0', 'size_categories:10K<n<100K', 'format:parquet', 'modality:tabular', 'modality:timeseries', 'modality:video', 'library:datasets', 'library:dask', 'library:mlcroissant', 'library:polars', 'region:us', 'RoboCoin', 'LeRobot']",True
RoboCOIN/R1_Lite_switch_labels,237,0,"['task_categories:robotics', 'language:en', 'language:zh', 'license:apache-2.0', 'size_categories:100K<n<1M', 'format:parquet', 'modality:tabular', 'modality:timeseries', 'modality:video', 'library:datasets', 'library:dask', 'library:mlcroissant', 'library:polars', 'region:us', 'RoboCoin', 'LeRobot']",True
RoboCOIN/Cobot_Magic_close_button,234,0,"['task_categories:robotics', 'language:en', 'language:zh', 'license:apache-2.0', 'size_categories:10K<n<100K', 'format:parquet', 'modality:tabular', 'modality:timeseries', 'modality:video', 'library:datasets', 'library:dask', 'library:mlcroissant', 'library:polars', 'region:us', 'RoboCoin', 'LeRobot']",True
RoboCOIN/Cobot_Magic_pushing_magnet,233,0,"['task_categories:robotics', 'language:en', 'language:zh', 'license:apache-2.0', 'size_categories:10K<n<100K', 'format:parquet', 'modality:tabular', 'modality:timeseries', 'modality:video', 'library:datasets', 'library:dask', 'library:mlcroissant', 'library:polars', 'region:us', 'RoboCoin', 'LeRobot']",True
RoboCOIN/R1_Lite_clean_the_sink,233,0,"['task_categories:robotics', 'language:en', 'language:zh', 'license:apache-2.0', 'size_categories:100K<n<1M', 'format:parquet', 'modality:tabular', 'modality:timeseries', 'modality:video', 'library:datasets', 'library:dask', 'library:mlcroissant', 'library:polars', 'region:us', 'RoboCoin', 'LeRobot']",True
RoboCOIN/Cobot_Magic_move_the_ball,233,0,"['task_categories:robotics', 'language:en', 'language:zh', 'license:apache-2.0', 'size_categories:10K<n<100K', 'format:parquet', 'modality:tabular', 'modality:timeseries', 'modality:video', 'library:datasets', 'library:dask', 'library:mlcroissant', 'library:polars', 'region:us', 'RoboCoin', 'LeRobot']",True
RoboCOIN/RMC-AIDA-L_place_the_fruits_repeatedly,232,0,"['task_categories:robotics', 'language:en', 'language:zh', 'license:apache-2.0', 'size_categories:100K<n<1M', 'format:parquet', 'modality:tabular', 'modality:timeseries', 'modality:video', 'library:datasets', 'library:dask', 'library:mlcroissant', 'library:polars', 'region:us', 'RoboCoin', 'LeRobot']",True
RoboCOIN/alpha_bot_2_stack_building_blocks,229,0,"['task_categories:robotics', 'language:en', 'language:zh', 'license:apache-2.0', 'size_categories:100K<n<1M', 'format:parquet', 'modality:tabular', 'modality:timeseries', 'modality:video', 'library:datasets', 'library:dask', 'library:mlcroissant', 'library:polars', 'region:us', 'RoboCoin', 'LeRobot']",True
RoboCOIN/AIRBOT_MMK2_place_the_building_blocks,228,0,"['task_categories:robotics', 'language:en', 'language:zh', 'license:apache-2.0', 'size_categories:10K<n<100K', 'format:parquet', 'modality:tabular', 'modality:timeseries', 'modality:video', 'library:datasets', 'library:dask', 'library:mlcroissant', 'library:polars', 'region:us', 'RoboCoin', 'LeRobot']",True
RoboCOIN/Split_aloha_basket_storage_long_bread,226,0,"['task_categories:robotics', 'language:en', 'language:zh', 'license:apache-2.0', 'size_categories:100K<n<1M', 'format:parquet', 'modality:tabular', 'modality:timeseries', 'modality:video', 'library:datasets', 'library:dask', 'library:mlcroissant', 'library:polars', 'region:us', 'RoboCoin', 'LeRobot']",True
RoboCOIN/RMC-AIDA-L_fruit_storage,224,0,"['task_categories:robotics', 'language:en', 'language:zh', 'license:apache-2.0', 'size_categories:100K<n<1M', 'format:parquet', 'modality:tabular', 'modality:timeseries', 'modality:video', 'library:datasets', 'library:dask', 'library:mlcroissant', 'library:polars', 'region:us', 'RoboCoin', 'LeRobot']",True
RoboCOIN/R1_Lite_plug_the_socket,224,0,"['task_categories:robotics', 'language:en', 'language:zh', 'license:apache-2.0', 'size_categories:100K<n<1M', 'format:parquet', 'modality:tabular', 'modality:timeseries', 'modality:video', 'library:datasets', 'library:dask', 'library:mlcroissant', 'library:polars', 'region:us', 'RoboCoin', 'LeRobot']",True
RoboCOIN/R1_Lite_tea_service_table_setting,223,0,"['task_categories:robotics', 'language:en', 'language:zh', 'license:apache-2.0', 'size_categories:100K<n<1M', 'format:parquet', 'modality:tabular', 'modality:timeseries', 'modality:video', 'library:datasets', 'library:dask', 'library:mlcroissant', 'library:polars', 'region:us', 'RoboCoin', 'LeRobot']",True
RoboCOIN/AIRBOT_MMK2_place_the_blue_and_purple_blocks,223,0,"['task_categories:robotics', 'language:en', 'language:zh', 'license:apache-2.0', 'size_categories:10K<n<100K', 'format:parquet', 'modality:tabular', 'modality:timeseries', 'modality:video', 'library:datasets', 'library:dask', 'library:mlcroissant', 'library:polars', 'region:us', 'RoboCoin', 'LeRobot']",True
RoboCOIN/R1_Lite_take_and_put_the_bowl,220,0,"['task_categories:robotics', 'language:en', 'language:zh', 'license:apache-2.0', 'size_categories:100K<n<1M', 'format:parquet', 'modality:tabular', 'modality:timeseries', 'modality:video', 'library:datasets', 'library:dask', 'library:mlcroissant', 'library:polars', 'region:us', 'RoboCoin', 'LeRobot']",True
RoboCOIN/AIRBOT_MMK2_storage_tissue_and_milk_carton,218,0,"['task_categories:robotics', 'language:en', 'language:zh', 'license:apache-2.0', 'size_categories:1K<n<10K', 'format:parquet', 'modality:tabular', 'modality:timeseries', 'modality:video', 'library:datasets', 'library:dask', 'library:mlcroissant', 'library:polars', 'region:us', 'RoboCoin', 'LeRobot']",True
RoboCOIN/R1_Lite_garbage_disposal,218,0,"['task_categories:robotics', 'language:en', 'language:zh', 'license:apache-2.0', 'size_categories:10K<n<100K', 'format:parquet', 'modality:tabular', 'modality:timeseries', 'modality:video', 'library:datasets', 'library:dask', 'library:mlcroissant', 'library:polars', 'region:us', 'RoboCoin', 'LeRobot']",True
RoboCOIN/AIRBOT_MMK2_storage_remote_control_clip_box_water_bottle,215,0,"['task_categories:robotics', 'language:en', 'language:zh', 'license:apache-2.0', 'size_categories:1K<n<10K', 'format:parquet', 'modality:tabular', 'modality:timeseries', 'modality:video', 'library:datasets', 'library:dask', 'library:mlcroissant', 'library:polars', 'region:us', 'RoboCoin', 'LeRobot']",True
RoboCOIN/Cobot_Magic_move_the_ball_interference,214,0,"['task_categories:robotics', 'language:en', 'language:zh', 'license:apache-2.0', 'size_categories:10K<n<100K', 'format:parquet', 'modality:tabular', 'modality:timeseries', 'modality:video', 'library:datasets', 'library:dask', 'library:mlcroissant', 'library:polars', 'region:us', 'RoboCoin', 'LeRobot']",True
RoboCOIN/Cobot_Magic_mobile_cube,214,0,"['task_categories:robotics', 'language:en', 'language:zh', 'license:apache-2.0', 'size_categories:10K<n<100K', 'format:parquet', 'modality:tabular', 'modality:timeseries', 'modality:video', 'library:datasets', 'library:dask', 'library:mlcroissant', 'library:polars', 'region:us', 'RoboCoin', 'LeRobot']",True
RoboCOIN/AIRBOT_MMK2_medicine_bottle_storage,213,0,"['task_categories:robotics', 'language:en', 'language:zh', 'license:apache-2.0', 'size_categories:10K<n<100K', 'format:parquet', 'modality:tabular', 'modality:timeseries', 'modality:video', 'library:datasets', 'library:dask', 'library:mlcroissant', 'library:polars', 'region:us', 'RoboCoin', 'LeRobot']",True
RoboCOIN/AIRBOT_MMK2_storage_toy_cars_and_cookies,212,0,"['task_categories:robotics', 'language:en', 'language:zh', 'license:apache-2.0', 'size_categories:1K<n<10K', 'format:parquet', 'modality:tabular', 'modality:timeseries', 'modality:video', 'library:datasets', 'library:dask', 'library:mlcroissant', 'library:polars', 'region:us', 'RoboCoin', 'LeRobot']",True
RoboCOIN/leju_robot_hotel_services_i,211,0,"['task_categories:robotics', 'language:en', 'language:zh', 'license:apache-2.0', 'size_categories:10K<n<100K', 'format:parquet', 'modality:tabular', 'modality:timeseries', 'modality:video', 'library:datasets', 'library:dask', 'library:mlcroissant', 'library:polars', 'region:us', 'RoboCoin', 'LeRobot']",True
RoboCOIN/R1_Lite_opening_and_closing_aalcony_sliding_doors,210,0,"['task_categories:robotics', 'language:en', 'language:zh', 'license:apache-2.0', 'size_categories:100K<n<1M', 'format:parquet', 'modality:tabular', 'modality:timeseries', 'modality:video', 'library:datasets', 'library:dask', 'library:mlcroissant', 'library:polars', 'region:us', 'RoboCoin', 'LeRobot']",True
RoboCOIN/AIRBOT_MMK2_place_the_network_cable_and_mouse_box,210,0,"['task_categories:robotics', 'language:en', 'language:zh', 'license:apache-2.0', 'size_categories:10K<n<100K', 'format:parquet', 'modality:tabular', 'modality:timeseries', 'modality:video', 'library:datasets', 'library:dask', 'library:mlcroissant', 'library:polars', 'region:us', 'RoboCoin', 'LeRobot']",True
RoboCOIN/R1_Lite_move_the_position_of_the_black_marker,205,0,"['task_categories:robotics', 'language:en', 'language:zh', 'license:apache-2.0', 'size_categories:10K<n<100K', 'format:parquet', 'modality:tabular', 'modality:timeseries', 'modality:video', 'library:datasets', 'library:dask', 'library:mlcroissant', 'library:polars', 'region:us', 'RoboCoin', 'LeRobot']",True
RoboCOIN/AIRBOT_MMK2_place_the_piano_and_the_needle-nose_pliers,204,0,"['task_categories:robotics', 'language:en', 'language:zh', 'license:apache-2.0', 'size_categories:10K<n<100K', 'format:parquet', 'modality:tabular', 'modality:timeseries', 'modality:video', 'library:datasets', 'library:dask', 'library:mlcroissant', 'library:polars', 'region:us', 'RoboCoin', 'LeRobot']",True
RoboCOIN/AIRBOT_MMK2_pour_out_the_beauty_blender,204,0,"['task_categories:robotics', 'language:en', 'language:zh', 'license:apache-2.0', 'size_categories:10K<n<100K', 'format:parquet', 'modality:tabular', 'modality:timeseries', 'modality:video', 'library:datasets', 'library:dask', 'library:mlcroissant', 'library:polars', 'region:us', 'RoboCoin', 'LeRobot']",True
RoboCOIN/Cobot_Magic_move_plate,204,0,"['task_categories:robotics', 'language:en', 'language:zh', 'license:apache-2.0', 'size_categories:10K<n<100K', 'format:parquet', 'modality:tabular', 'modality:timeseries', 'modality:video', 'library:datasets', 'library:dask', 'library:mlcroissant', 'library:polars', 'region:us', 'RoboCoin', 'LeRobot']",True
RoboCOIN/AIRBOT_MMK2_storage_wet_tissue_and_building_block,203,0,"['task_categories:robotics', 'language:en', 'language:zh', 'license:apache-2.0', 'size_categories:10K<n<100K', 'format:parquet', 'modality:tabular', 'modality:timeseries', 'modality:video', 'library:datasets', 'library:dask', 'library:mlcroissant', 'library:polars', 'region:us', 'RoboCoin', 'LeRobot']",True
RoboCOIN/RMC-AIDA-L_basket_storage_orange,202,0,"['task_categories:robotics', 'language:en', 'language:zh', 'license:apache-2.0', 'size_categories:100K<n<1M', 'format:parquet', 'modality:tabular', 'modality:timeseries', 'modality:video', 'library:datasets', 'library:dask', 'library:mlcroissant', 'library:polars', 'region:us', 'RoboCoin', 'LeRobot']",True
RoboCOIN/AIRBOT_MMK2_place_the_umbrella_and_the_ruler,202,0,"['task_categories:robotics', 'language:en', 'language:zh', 'license:apache-2.0', 'size_categories:1K<n<10K', 'format:parquet', 'modality:tabular', 'modality:timeseries', 'modality:video', 'library:datasets', 'library:dask', 'library:mlcroissant', 'library:polars', 'region:us', 'RoboCoin', 'LeRobot']",True
RoboCOIN/R1_Lite_make_breakfast,201,0,"['task_categories:robotics', 'language:en', 'language:zh', 'license:apache-2.0', 'size_categories:100K<n<1M', 'format:parquet', 'modality:tabular', 'modality:timeseries', 'modality:video', 'library:datasets', 'library:dask', 'library:mlcroissant', 'library:polars', 'region:us', 'RoboCoin', 'LeRobot']",True
RoboCOIN/R1_Lite_pour_water,200,0,"['task_categories:robotics', 'language:en', 'language:zh', 'license:apache-2.0', 'size_categories:10K<n<100K', 'format:parquet', 'modality:tabular', 'modality:timeseries', 'modality:video', 'library:datasets', 'library:dask', 'library:mlcroissant', 'library:polars', 'region:us', 'RoboCoin', 'LeRobot']",True
RoboCOIN/AIRBOT_MMK2_place_the_pliers_and_wallpaper_knife,200,0,"['task_categories:robotics', 'language:en', 'language:zh', 'license:apache-2.0', 'size_categories:1K<n<10K', 'format:parquet', 'modality:tabular', 'modality:timeseries', 'modality:video', 'library:datasets', 'library:dask', 'library:mlcroissant', 'library:polars', 'region:us', 'RoboCoin', 'LeRobot']",True
RoboCOIN/Cobot_Magic_cube_reset,197,0,"['task_categories:robotics', 'language:en', 'language:zh', 'license:apache-2.0', 'size_categories:10K<n<100K', 'format:parquet', 'modality:tabular', 'modality:timeseries', 'modality:video', 'library:datasets', 'library:dask', 'library:mlcroissant', 'library:polars', 'region:us', 'RoboCoin', 'LeRobot']",True
RoboCOIN/AIRBOT_MMK2_storage_computer_box,196,0,"['task_categories:robotics', 'language:en', 'language:zh', 'license:apache-2.0', 'size_categories:10K<n<100K', 'format:parquet', 'modality:tabular', 'modality:timeseries', 'modality:video', 'library:datasets', 'library:dask', 'library:mlcroissant', 'library:polars', 'region:us', 'RoboCoin', 'LeRobot']",True
RoboCOIN/R1_Lite_put_the_shoes_into_the_shoe_box,196,0,"['task_categories:robotics', 'language:en', 'language:zh', 'license:apache-2.0', 'size_categories:10K<n<100K', 'format:parquet', 'modality:tabular', 'modality:timeseries', 'modality:video', 'library:datasets', 'library:dask', 'library:mlcroissant', 'library:polars', 'region:us', 'RoboCoin', 'LeRobot']",True
RoboCOIN/Cobot_Magic_plate_storage_bread,195,0,"['task_categories:robotics', 'language:en', 'language:zh', 'license:apache-2.0', 'size_categories:10K<n<100K', 'format:parquet', 'modality:tabular', 'modality:timeseries', 'modality:video', 'library:datasets', 'library:dask', 'library:mlcroissant', 'library:polars', 'region:us', 'RoboCoin', 'LeRobot']",True
RoboCOIN/AIRBOT_MMK2_storage_rubiks_cube_and_cup,194,0,"['task_categories:robotics', 'language:en', 'language:zh', 'license:apache-2.0', 'size_categories:10K<n<100K', 'format:parquet', 'modality:tabular', 'modality:timeseries', 'modality:video', 'library:datasets', 'library:dask', 'library:mlcroissant', 'library:polars', 'region:us', 'RoboCoin', 'LeRobot']",True
RoboCOIN/Cobot_Magic_put_in_the_pear,194,0,"['task_categories:robotics', 'language:en', 'language:zh', 'license:apache-2.0', 'size_categories:10K<n<100K', 'format:parquet', 'modality:tabular', 'modality:timeseries', 'modality:video', 'library:datasets', 'library:dask', 'library:mlcroissant', 'library:polars', 'region:us', 'RoboCoin', 'LeRobot']",True
RoboCOIN/AIRBOT_MMK2_mobile_car,193,0,"['task_categories:robotics', 'language:en', 'language:zh', 'license:apache-2.0', 'size_categories:1K<n<10K', 'format:parquet', 'modality:tabular', 'modality:timeseries', 'modality:video', 'library:datasets', 'library:dask', 'library:mlcroissant', 'library:polars', 'region:us', 'RoboCoin', 'LeRobot']",True
RoboCOIN/Split_aloha_plate_storage,193,0,"['task_categories:robotics', 'language:en', 'language:zh', 'license:apache-2.0', 'size_categories:100K<n<1M', 'format:parquet', 'modality:tabular', 'modality:timeseries', 'modality:video', 'library:datasets', 'library:dask', 'library:mlcroissant', 'library:polars', 'region:us', 'RoboCoin', 'LeRobot']",True
RoboCOIN/R1_Lite_move_the_position_of_the_milk,192,0,"['task_categories:robotics', 'language:en', 'language:zh', 'license:apache-2.0', 'size_categories:10K<n<100K', 'format:parquet', 'modality:tabular', 'modality:timeseries', 'modality:video', 'library:datasets', 'library:dask', 'library:mlcroissant', 'library:polars', 'region:us', 'RoboCoin', 'LeRobot']",True
RoboCOIN/R1_Lite_build_blocks,190,0,"['task_categories:robotics', 'language:en', 'language:zh', 'license:apache-2.0', 'size_categories:10K<n<100K', 'format:parquet', 'modality:tabular', 'modality:timeseries', 'modality:video', 'library:datasets', 'library:dask', 'library:mlcroissant', 'library:polars', 'region:us', 'RoboCoin', 'LeRobot']",True
RoboCOIN/Cobot_Magic_move_the_plate,190,0,"['task_categories:robotics', 'language:en', 'language:zh', 'license:apache-2.0', 'size_categories:10K<n<100K', 'format:parquet', 'modality:tabular', 'modality:timeseries', 'modality:video', 'library:datasets', 'library:dask', 'library:mlcroissant', 'library:polars', 'region:us', 'RoboCoin', 'LeRobot']",True
RoboCOIN/AIRBOT_MMK2_take_the_book,189,0,"['task_categories:robotics', 'language:en', 'language:zh', 'license:apache-2.0', 'size_categories:1K<n<10K', 'format:parquet', 'modality:tabular', 'modality:timeseries', 'modality:video', 'library:datasets', 'library:dask', 'library:mlcroissant', 'library:polars', 'region:us', 'RoboCoin', 'LeRobot']",True
RoboCOIN/R1_Lite_switch_on_and_off_the_central_air_conditioning,189,0,"['task_categories:robotics', 'language:en', 'language:zh', 'license:apache-2.0', 'size_categories:10K<n<100K', 'format:parquet', 'modality:tabular', 'modality:timeseries', 'modality:video', 'library:datasets', 'library:dask', 'library:mlcroissant', 'library:polars', 'region:us', 'RoboCoin', 'LeRobot']",True
RoboCOIN/Cobot_Magic_water_bottle_storage,188,0,"['task_categories:robotics', 'language:en', 'language:zh', 'license:apache-2.0', 'size_categories:10K<n<100K', 'format:parquet', 'modality:tabular', 'modality:timeseries', 'modality:video', 'library:datasets', 'library:dask', 'library:mlcroissant', 'library:polars', 'region:us', 'RoboCoin', 'LeRobot']",True
RoboCOIN/RMC-AIDA-L_get_water,187,0,"['task_categories:robotics', 'language:en', 'language:zh', 'license:apache-2.0', 'size_categories:100K<n<1M', 'format:parquet', 'modality:tabular', 'modality:timeseries', 'modality:video', 'library:datasets', 'library:dask', 'library:mlcroissant', 'library:polars', 'region:us', 'RoboCoin', 'LeRobot']",True
RoboCOIN/Cobot_Magic_fold_towel_a,185,0,"['task_categories:robotics', 'language:en', 'language:zh', 'license:apache-2.0', 'size_categories:10K<n<100K', 'format:parquet', 'modality:tabular', 'modality:timeseries', 'modality:video', 'library:datasets', 'library:dask', 'library:mlcroissant', 'library:polars', 'region:us', 'RoboCoin', 'LeRobot']",True
RoboCOIN/R1_Lite_move_the_position_of_the_glass,185,0,"['task_categories:robotics', 'language:en', 'language:zh', 'license:apache-2.0', 'size_categories:10K<n<100K', 'format:parquet', 'modality:tabular', 'modality:timeseries', 'modality:video', 'library:datasets', 'library:dask', 'library:mlcroissant', 'library:polars', 'region:us', 'RoboCoin', 'LeRobot']",True
RoboCOIN/RMC-AIDA-L_fold_towel,185,0,"['task_categories:robotics', 'language:en', 'language:zh', 'license:apache-2.0', 'size_categories:100K<n<1M', 'format:parquet', 'modality:tabular', 'modality:timeseries', 'modality:video', 'library:datasets', 'library:dask', 'library:mlcroissant', 'library:polars', 'region:us', 'RoboCoin', 'LeRobot']",True
RoboCOIN/Cobot_Magic_move_the_cup,183,0,"['task_categories:robotics', 'language:en', 'language:zh', 'license:apache-2.0', 'size_categories:10K<n<100K', 'format:parquet', 'modality:tabular', 'modality:timeseries', 'modality:video', 'library:datasets', 'library:dask', 'library:mlcroissant', 'library:polars', 'region:us', 'RoboCoin', 'LeRobot']",True
RoboCOIN/Cobot_Magic_move_the_small_ball,183,0,"['task_categories:robotics', 'language:en', 'language:zh', 'license:apache-2.0', 'size_categories:10K<n<100K', 'format:parquet', 'modality:tabular', 'modality:timeseries', 'modality:video', 'library:datasets', 'library:dask', 'library:mlcroissant', 'library:polars', 'region:us', 'RoboCoin', 'LeRobot']",True
RoboCOIN/R1_Lite_move_the_position_of_the_peeler,183,0,"['task_categories:robotics', 'language:en', 'language:zh', 'license:apache-2.0', 'size_categories:10K<n<100K', 'format:parquet', 'modality:tabular', 'modality:timeseries', 'modality:video', 'library:datasets', 'library:dask', 'library:mlcroissant', 'library:polars', 'region:us', 'RoboCoin', 'LeRobot']",True
RoboCOIN/AIRBOT_MMK2_storage_spoon,182,0,"['task_categories:robotics', 'language:en', 'language:zh', 'license:apache-2.0', 'size_categories:10K<n<100K', 'format:parquet', 'modality:tabular', 'modality:timeseries', 'modality:video', 'library:datasets', 'library:dask', 'library:mlcroissant', 'library:polars', 'region:us', 'RoboCoin', 'LeRobot']",True
RoboCOIN/AIRBOT_MMK2_organize_and_place_books,181,0,"['task_categories:robotics', 'language:en', 'language:zh', 'license:apache-2.0', 'size_categories:1K<n<10K', 'format:parquet', 'modality:tabular', 'modality:timeseries', 'modality:video', 'library:datasets', 'library:dask', 'library:mlcroissant', 'library:polars', 'region:us', 'RoboCoin', 'LeRobot']",True
RoboCOIN/AIRBOT_MMK2_double-sided_tape_placement,181,0,"['task_categories:robotics', 'language:en', 'language:zh', 'license:apache-2.0', 'size_categories:10K<n<100K', 'format:parquet', 'modality:tabular', 'modality:timeseries', 'modality:video', 'library:datasets', 'library:dask', 'library:mlcroissant', 'library:polars', 'region:us', 'RoboCoin', 'LeRobot']",True
RoboCOIN/AIRBOT_MMK2_mobile_phone_storage,181,0,"['task_categories:robotics', 'language:en', 'language:zh', 'license:apache-2.0', 'size_categories:1K<n<10K', 'format:parquet', 'modality:tabular', 'modality:timeseries', 'modality:video', 'library:datasets', 'library:dask', 'library:mlcroissant', 'library:polars', 'region:us', 'RoboCoin', 'LeRobot']",True
RoboCOIN/Cobot_Magic_catch_the_ball,180,0,"['task_categories:robotics', 'language:en', 'language:zh', 'license:apache-2.0', 'size_categories:10K<n<100K', 'format:parquet', 'modality:tabular', 'modality:timeseries', 'modality:video', 'library:datasets', 'library:dask', 'library:mlcroissant', 'library:polars', 'region:us', 'RoboCoin', 'LeRobot']",True
RoboCOIN/Cobot_Magic_place_square_pyramid,179,0,"['task_categories:robotics', 'language:en', 'language:zh', 'license:apache-2.0', 'size_categories:10K<n<100K', 'format:parquet', 'modality:tabular', 'modality:timeseries', 'modality:video', 'library:datasets', 'library:dask', 'library:mlcroissant', 'library:polars', 'region:us', 'RoboCoin', 'LeRobot']",True
RoboCOIN/RMC-AIDA-L_food_storage,177,0,"['task_categories:robotics', 'language:en', 'language:zh', 'license:apache-2.0', 'size_categories:100K<n<1M', 'format:parquet', 'modality:tabular', 'modality:timeseries', 'modality:video', 'library:datasets', 'library:dask', 'library:mlcroissant', 'library:polars', 'region:us', 'RoboCoin', 'LeRobot']",True
RoboCOIN/AIRBOT_MMK2_cake_storage,177,0,"['task_categories:robotics', 'language:en', 'language:zh', 'license:apache-2.0', 'size_categories:1K<n<10K', 'format:parquet', 'modality:tabular', 'modality:timeseries', 'modality:video', 'library:datasets', 'library:dask', 'library:mlcroissant', 'library:polars', 'region:us', 'RoboCoin', 'LeRobot']",True
RoboCOIN/AIRBOT_MMK2_screw_the_bottle_cap,177,0,"['task_categories:robotics', 'language:en', 'language:zh', 'license:apache-2.0', 'size_categories:10K<n<100K', 'format:parquet', 'modality:tabular', 'modality:timeseries', 'modality:video', 'library:datasets', 'library:dask', 'library:mlcroissant', 'library:polars', 'region:us', 'RoboCoin', 'LeRobot']",True
RoboCOIN/AIRBOT_MMK2_storage_tissue_paper,175,0,"['task_categories:robotics', 'language:en', 'language:zh', 'license:apache-2.0', 'size_categories:1K<n<10K', 'format:parquet', 'modality:tabular', 'modality:timeseries', 'modality:video', 'library:datasets', 'library:dask', 'library:mlcroissant', 'library:polars', 'region:us', 'RoboCoin', 'LeRobot']",True
RoboCOIN/R1_Lite_move_the_position_of_the_orange,174,0,"['task_categories:robotics', 'language:en', 'language:zh', 'license:apache-2.0', 'size_categories:10K<n<100K', 'format:parquet', 'modality:tabular', 'modality:timeseries', 'modality:video', 'library:datasets', 'library:dask', 'library:mlcroissant', 'library:polars', 'region:us', 'RoboCoin', 'LeRobot']",True
RoboCOIN/R1_Lite_tableware_arrangement,171,0,"['task_categories:robotics', 'language:en', 'language:zh', 'license:apache-2.0', 'size_categories:10K<n<100K', 'format:parquet', 'modality:tabular', 'modality:timeseries', 'modality:video', 'library:datasets', 'library:dask', 'library:mlcroissant', 'library:polars', 'region:us', 'RoboCoin', 'LeRobot']",True
RoboCOIN/AIRBOT_MMK2_item_storage,170,0,"['task_categories:robotics', 'language:en', 'language:zh', 'license:apache-2.0', 'size_categories:10K<n<100K', 'format:parquet', 'modality:tabular', 'modality:timeseries', 'modality:video', 'library:datasets', 'library:dask', 'library:mlcroissant', 'library:polars', 'region:us', 'RoboCoin', 'LeRobot']",True
RoboCOIN/AIRBOT_MMK2_place_the_small_bowl_of_canned_food,169,0,"['task_categories:robotics', 'language:en', 'language:zh', 'license:apache-2.0', 'size_categories:1K<n<10K', 'format:parquet', 'modality:tabular', 'modality:timeseries', 'modality:video', 'library:datasets', 'library:dask', 'library:mlcroissant', 'library:polars', 'region:us', 'RoboCoin', 'LeRobot']",True
RoboCOIN/R1_Lite_move_the_position_of_the_rubiks_cube,168,0,"['task_categories:robotics', 'language:en', 'language:zh', 'license:apache-2.0', 'size_categories:1K<n<10K', 'format:parquet', 'modality:tabular', 'modality:timeseries', 'modality:video', 'library:datasets', 'library:dask', 'library:mlcroissant', 'library:polars', 'region:us', 'RoboCoin', 'LeRobot']",True
RoboCOIN/Cobot_Magic_put_the_building_block_on_the_table,168,0,"['task_categories:robotics', 'language:en', 'language:zh', 'license:apache-2.0', 'size_categories:10K<n<100K', 'format:parquet', 'modality:tabular', 'modality:timeseries', 'modality:video', 'library:datasets', 'library:dask', 'library:mlcroissant', 'library:polars', 'region:us', 'RoboCoin', 'LeRobot']",True
RoboCOIN/Cobot_Magic_plate_storage_apple,165,0,"['task_categories:robotics', 'language:en', 'language:zh', 'license:apache-2.0', 'size_categories:10K<n<100K', 'format:parquet', 'modality:tabular', 'modality:timeseries', 'modality:video', 'library:datasets', 'library:dask', 'library:mlcroissant', 'library:polars', 'region:us', 'RoboCoin', 'LeRobot']",True
RoboCOIN/AIRBOT_MMK2_pull_the_syringe_piston,161,0,"['task_categories:robotics', 'language:en', 'language:zh', 'license:apache-2.0', 'size_categories:1K<n<10K', 'format:parquet', 'modality:tabular', 'modality:timeseries', 'modality:video', 'library:datasets', 'library:dask', 'library:mlcroissant', 'library:polars', 'region:us', 'RoboCoin', 'LeRobot']",True
RoboCOIN/AIRBOT_MMK2_store_coffee_cups,160,0,"['task_categories:robotics', 'language:en', 'language:zh', 'license:apache-2.0', 'size_categories:10K<n<100K', 'format:parquet', 'modality:tabular', 'modality:timeseries', 'modality:video', 'library:datasets', 'library:dask', 'library:mlcroissant', 'library:polars', 'region:us', 'RoboCoin', 'LeRobot']",True
RoboCOIN/AIRBOT_MMK2_store_peaches_and_pears,158,0,"['task_categories:robotics', 'language:en', 'language:zh', 'license:apache-2.0', 'size_categories:10K<n<100K', 'format:parquet', 'modality:tabular', 'modality:timeseries', 'modality:video', 'library:datasets', 'library:dask', 'library:mlcroissant', 'library:polars', 'region:us', 'RoboCoin', 'LeRobot']",True
RoboCOIN/AIRBOT_MMK2_take_down_paper_cup,156,0,"['task_categories:robotics', 'language:en', 'language:zh', 'license:apache-2.0', 'size_categories:1K<n<10K', 'format:parquet', 'modality:tabular', 'modality:timeseries', 'modality:video', 'library:datasets', 'library:dask', 'library:mlcroissant', 'library:polars', 'region:us', 'RoboCoin', 'LeRobot']",True
RoboCOIN/AIRBOT_MMK2_place_the_shark_toys_and_gold_bars,155,0,"['task_categories:robotics', 'language:en', 'language:zh', 'license:apache-2.0', 'size_categories:1K<n<10K', 'format:parquet', 'modality:tabular', 'modality:timeseries', 'modality:video', 'library:datasets', 'library:dask', 'library:mlcroissant', 'library:polars', 'region:us', 'RoboCoin', 'LeRobot']",True
RoboCOIN/AIRBOT_MMK2_store_pomegranates_and_mangoes,155,0,"['task_categories:robotics', 'language:en', 'language:zh', 'license:apache-2.0', 'size_categories:10K<n<100K', 'format:parquet', 'modality:tabular', 'modality:timeseries', 'modality:video', 'library:datasets', 'library:dask', 'library:mlcroissant', 'library:polars', 'region:us', 'RoboCoin', 'LeRobot']",True
RoboCOIN/AIRBOT_MMK2_desktop_storage,153,0,"['task_categories:robotics', 'language:en', 'language:zh', 'license:apache-2.0', 'size_categories:1K<n<10K', 'format:parquet', 'modality:tabular', 'modality:timeseries', 'modality:video', 'library:datasets', 'library:dask', 'library:mlcroissant', 'library:polars', 'region:us', 'RoboCoin', 'LeRobot']",True
RoboCOIN/alpha_bot_2_press_the_button_a,153,0,"['task_categories:robotics', 'language:en', 'language:zh', 'license:apache-2.0', 'size_categories:10K<n<100K', 'format:parquet', 'modality:tabular', 'modality:timeseries', 'modality:video', 'library:datasets', 'library:dask', 'library:mlcroissant', 'library:polars', 'region:us', 'RoboCoin', 'LeRobot']",True
RoboCOIN/R1_Lite_move_the_position_of_the_duck,152,0,"['task_categories:robotics', 'language:en', 'language:zh', 'license:apache-2.0', 'size_categories:10K<n<100K', 'format:parquet', 'modality:tabular', 'modality:timeseries', 'modality:video', 'library:datasets', 'library:dask', 'library:mlcroissant', 'library:polars', 'region:us', 'RoboCoin', 'LeRobot']",True
RoboCOIN/AIRBOT_MMK2_square_arrangement,152,0,"['task_categories:robotics', 'language:en', 'language:zh', 'license:apache-2.0', 'size_categories:1K<n<10K', 'format:parquet', 'modality:tabular', 'modality:timeseries', 'modality:video', 'library:datasets', 'library:dask', 'library:mlcroissant', 'library:polars', 'region:us', 'RoboCoin', 'LeRobot']",True
RoboCOIN/R1_Lite_move_the_position_of_the_triangle_bread,150,0,"['task_categories:robotics', 'language:en', 'language:zh', 'license:apache-2.0', 'size_categories:1K<n<10K', 'format:parquet', 'modality:tabular', 'modality:timeseries', 'modality:video', 'library:datasets', 'library:dask', 'library:mlcroissant', 'library:polars', 'region:us', 'RoboCoin', 'LeRobot']",True
RoboCOIN/AIRBOT_MMK2_organize_books,148,0,"['task_categories:robotics', 'language:en', 'language:zh', 'license:apache-2.0', 'size_categories:1K<n<10K', 'format:parquet', 'modality:tabular', 'modality:timeseries', 'modality:video', 'library:datasets', 'library:dask', 'library:mlcroissant', 'library:polars', 'region:us', 'RoboCoin', 'LeRobot']",True
RoboCOIN/AIRBOT_MMK2_cup_storage,147,0,"['task_categories:robotics', 'language:en', 'language:zh', 'license:apache-2.0', 'size_categories:10K<n<100K', 'format:parquet', 'modality:tabular', 'modality:timeseries', 'modality:video', 'library:datasets', 'library:dask', 'library:mlcroissant', 'library:polars', 'region:us', 'RoboCoin', 'LeRobot']",True
RoboCOIN/AIRBOT_MMK2_play_the_guitar,145,0,"['task_categories:robotics', 'language:en', 'language:zh', 'license:apache-2.0', 'size_categories:1K<n<10K', 'format:parquet', 'modality:tabular', 'modality:timeseries', 'modality:video', 'library:datasets', 'library:dask', 'library:mlcroissant', 'library:polars', 'region:us', 'RoboCoin', 'LeRobot']",True
RoboCOIN/R1_Lite_move_the_position_of_the_apple,143,0,"['task_categories:robotics', 'language:en', 'language:zh', 'license:apache-2.0', 'size_categories:1K<n<10K', 'format:parquet', 'modality:tabular', 'modality:timeseries', 'modality:video', 'library:datasets', 'library:dask', 'library:mlcroissant', 'library:polars', 'region:us', 'RoboCoin', 'LeRobot']",True
RoboCOIN/Cobot_Magic_turn_on_the_bulb,142,0,"['task_categories:robotics', 'language:en', 'language:zh', 'license:apache-2.0', 'size_categories:1K<n<10K', 'format:parquet', 'modality:tabular', 'modality:timeseries', 'modality:video', 'library:datasets', 'library:dask', 'library:mlcroissant', 'library:polars', 'region:us', 'RoboCoin', 'LeRobot']",True
RoboCOIN/AIRBOT_MMK2_lemon_and_orange_storage,137,0,"['task_categories:robotics', 'language:en', 'language:zh', 'license:apache-2.0', 'size_categories:1K<n<10K', 'format:parquet', 'modality:tabular', 'modality:timeseries', 'modality:video', 'library:datasets', 'library:dask', 'library:mlcroissant', 'library:polars', 'region:us', 'RoboCoin', 'LeRobot']",True
RoboCOIN/AIRBOT_MMK2_close_the_computer,137,0,"['task_categories:robotics', 'language:en', 'language:zh', 'license:apache-2.0', 'size_categories:1K<n<10K', 'format:parquet', 'modality:tabular', 'modality:timeseries', 'modality:video', 'library:datasets', 'library:dask', 'library:mlcroissant', 'library:polars', 'region:us', 'RoboCoin', 'LeRobot']",True
RoboCOIN/R1_Lite_move_the_position_of_the_cookie,137,0,"['task_categories:robotics', 'language:en', 'language:zh', 'license:apache-2.0', 'size_categories:1K<n<10K', 'format:parquet', 'modality:tabular', 'modality:timeseries', 'modality:video', 'library:datasets', 'library:dask', 'library:mlcroissant', 'library:polars', 'region:us', 'RoboCoin', 'LeRobot']",True
RoboCOIN/AIRBOT_MMK2_pumpkin_storage,136,0,"['task_categories:robotics', 'language:en', 'language:zh', 'license:apache-2.0', 'size_categories:10K<n<100K', 'format:parquet', 'modality:tabular', 'modality:timeseries', 'modality:video', 'library:datasets', 'library:dask', 'library:mlcroissant', 'library:polars', 'region:us', 'RoboCoin', 'LeRobot']",True
RoboCOIN/R1_Lite_move_the_position_of_the_spoon,134,0,"['task_categories:robotics', 'language:en', 'language:zh', 'license:apache-2.0', 'size_categories:1K<n<10K', 'format:parquet', 'modality:tabular', 'modality:timeseries', 'modality:video', 'library:datasets', 'library:dask', 'library:mlcroissant', 'library:polars', 'region:us', 'RoboCoin', 'LeRobot']",True
RoboCOIN/AIRBOT_MMK2_place_the_yellow_block,133,0,"['task_categories:robotics', 'language:en', 'language:zh', 'license:apache-2.0', 'size_categories:10K<n<100K', 'format:parquet', 'modality:tabular', 'modality:timeseries', 'modality:video', 'library:datasets', 'library:dask', 'library:mlcroissant', 'library:polars', 'region:us', 'RoboCoin', 'LeRobot']",True
RoboCOIN/AIRBOT_MMK2_storage_item,127,0,"['task_categories:robotics', 'language:en', 'language:zh', 'license:apache-2.0', 'size_categories:1K<n<10K', 'format:parquet', 'modality:tabular', 'modality:timeseries', 'modality:video', 'library:datasets', 'library:dask', 'library:mlcroissant', 'library:polars', 'region:us', 'RoboCoin', 'LeRobot']",True
RoboCOIN/AIRBOT_MMK2_storage_box_for_mouse_and_sponge,126,0,"['task_categories:robotics', 'language:en', 'language:zh', 'license:apache-2.0', 'size_categories:1K<n<10K', 'format:parquet', 'modality:tabular', 'modality:timeseries', 'modality:video', 'library:datasets', 'library:dask', 'library:mlcroissant', 'library:polars', 'region:us', 'RoboCoin', 'LeRobot']",True
RoboCOIN/R1_Lite_move_the_position_of_the_brush,124,0,"['task_categories:robotics', 'language:en', 'language:zh', 'license:apache-2.0', 'size_categories:10K<n<100K', 'format:parquet', 'modality:tabular', 'modality:timeseries', 'modality:video', 'library:datasets', 'library:dask', 'library:mlcroissant', 'library:polars', 'region:us', 'RoboCoin', 'LeRobot']",True
RoboCOIN/R1_Lite_move_the_position_of_the_pen,122,0,"['task_categories:robotics', 'language:en', 'language:zh', 'license:apache-2.0', 'size_categories:10K<n<100K', 'format:parquet', 'modality:tabular', 'modality:timeseries', 'modality:video', 'library:datasets', 'library:dask', 'library:mlcroissant', 'library:polars', 'region:us', 'RoboCoin', 'LeRobot']",True
RoboCOIN/G1edu-u3_plate_storage_doll,122,0,"['task_categories:robotics', 'language:en', 'language:zh', 'license:apache-2.0', 'size_categories:100K<n<1M', 'format:parquet', 'modality:tabular', 'modality:timeseries', 'modality:video', 'library:datasets', 'library:dask', 'library:mlcroissant', 'library:polars', 'region:us', 'RoboCoin', 'LeRobot']",True
RoboCOIN/AIRBOT_MMK2_diamond_storage,118,0,"['task_categories:robotics', 'language:en', 'language:zh', 'license:apache-2.0', 'size_categories:1K<n<10K', 'format:parquet', 'modality:tabular', 'modality:timeseries', 'modality:video', 'library:datasets', 'library:dask', 'library:mlcroissant', 'library:polars', 'region:us', 'RoboCoin', 'LeRobot']",True
RoboCOIN/R1_Lite_move_the_position_of_the_long_bread,117,0,"['task_categories:robotics', 'language:en', 'language:zh', 'license:apache-2.0', 'size_categories:1K<n<10K', 'format:parquet', 'modality:tabular', 'modality:timeseries', 'modality:video', 'library:datasets', 'library:dask', 'library:mlcroissant', 'library:polars', 'region:us', 'RoboCoin', 'LeRobot']",True
RoboCOIN/G1edu-u3_basket_storage_apple,101,0,"['task_categories:robotics', 'language:en', 'language:zh', 'license:apache-2.0', 'size_categories:10K<n<100K', 'format:parquet', 'modality:tabular', 'modality:timeseries', 'modality:video', 'library:datasets', 'library:dask', 'library:mlcroissant', 'library:polars', 'region:us', 'RoboCoin', 'LeRobot']",True
RoboCOIN/Cobot_Magic_turn_off_the_desk_lamp,75,0,"['task_categories:robotics', 'language:en', 'language:zh', 'license:apache-2.0', 'size_categories:100K<n<1M', 'format:parquet', 'modality:tabular', 'modality:timeseries', 'modality:video', 'library:datasets', 'library:dask', 'library:mlcroissant', 'library:polars', 'region:us', 'RoboCoin', 'LeRobot']",True
RoboCOIN/leju_robot_moving_parts_a,73,0,"['task_categories:robotics', 'language:en', 'language:zh', 'license:apache-2.0', 'size_categories:100K<n<1M', 'format:parquet', 'modality:tabular', 'modality:timeseries', 'modality:video', 'library:datasets', 'library:dask', 'library:mlcroissant', 'library:polars', 'region:us', 'RoboCoin', 'LeRobot']",True
RoboCOIN/RMC-AIDA-L_basket_storage_peach,69,0,"['task_categories:robotics', 'language:en', 'language:zh', 'license:apache-2.0', 'size_categories:100K<n<1M', 'format:parquet', 'modality:tabular', 'modality:timeseries', 'modality:video', 'library:datasets', 'library:dask', 'library:mlcroissant', 'library:polars', 'region:us', 'RoboCoin', 'LeRobot']",True
RoboCOIN/leju_robot_moving_parts_h,64,0,"['task_categories:robotics', 'language:en', 'language:zh', 'license:apache-2.0', 'size_categories:100K<n<1M', 'format:parquet', 'modality:tabular', 'modality:timeseries', 'modality:video', 'library:datasets', 'library:dask', 'library:mlcroissant', 'library:polars', 'region:us', 'RoboCoin', 'LeRobot']",True
RoboCOIN/AgiBot-g1_mobile_accessory_storage_box_f,63,0,"['task_categories:robotics', 'language:en', 'language:zh', 'license:apache-2.0', 'size_categories:10K<n<100K', 'format:parquet', 'modality:tabular', 'modality:timeseries', 'modality:video', 'library:datasets', 'library:dask', 'library:mlcroissant', 'library:polars', 'region:us', 'RoboCoin', 'LeRobot']",True
RoboCOIN/R1_Lite_put_the_tableware_into_the_cupboard,62,0,"['task_categories:robotics', 'language:en', 'language:zh', 'license:apache-2.0', 'size_categories:100K<n<1M', 'format:parquet', 'modality:tabular', 'modality:timeseries', 'modality:video', 'library:datasets', 'library:dask', 'library:mlcroissant', 'library:polars', 'region:us', 'RoboCoin', 'LeRobot']",True
RoboCOIN/G1edu-u3_plate_storage_rabbit_doll,58,0,"['task_categories:robotics', 'language:en', 'language:zh', 'license:apache-2.0', 'size_categories:10K<n<100K', 'format:parquet', 'modality:tabular', 'modality:timeseries', 'modality:video', 'library:datasets', 'library:dask', 'library:mlcroissant', 'library:polars', 'region:us', 'RoboCoin', 'LeRobot']",True
RoboCOIN/Cobot_Magic_box_storage_chopsticks,53,0,"['task_categories:robotics', 'language:en', 'language:zh', 'license:apache-2.0', 'size_categories:100K<n<1M', 'format:parquet', 'modality:tabular', 'modality:timeseries', 'modality:video', 'library:datasets', 'library:dask', 'library:mlcroissant', 'library:polars', 'region:us', 'RoboCoin', 'LeRobot']",True
RoboCOIN/RMC-AIDA-L_basket_storage_egg_yolk_pastry,51,0,"['task_categories:robotics', 'language:en', 'language:zh', 'license:apache-2.0', 'size_categories:100K<n<1M', 'format:parquet', 'modality:tabular', 'modality:timeseries', 'modality:video', 'library:datasets', 'library:dask', 'library:mlcroissant', 'library:polars', 'region:us', 'RoboCoin', 'LeRobot']",True
RoboCOIN/Cobot_Magic_classification_of_fruits_and_vegetables,42,0,"['task_categories:robotics', 'language:en', 'language:zh', 'license:apache-2.0', 'size_categories:100K<n<1M', 'format:parquet', 'modality:tabular', 'modality:timeseries', 'modality:video', 'library:datasets', 'library:dask', 'library:mlcroissant', 'library:polars', 'region:us', 'RoboCoin', 'LeRobot']",True
RoboCOIN/RMC-AIDA-L_basket_storage_long_bread,39,0,"['task_categories:robotics', 'language:en', 'language:zh', 'license:apache-2.0', 'size_categories:100K<n<1M', 'format:parquet', 'modality:tabular', 'modality:timeseries', 'modality:video', 'library:datasets', 'library:dask', 'library:mlcroissant', 'library:polars', 'region:us', 'RoboCoin', 'LeRobot']",True
RoboCOIN/leju_robot_moving_parts_g,35,0,"['task_categories:robotics', 'language:en', 'language:zh', 'license:apache-2.0', 'size_categories:100K<n<1M', 'format:parquet', 'modality:tabular', 'modality:timeseries', 'modality:video', 'library:datasets', 'library:dask', 'library:mlcroissant', 'library:polars', 'region:us', 'RoboCoin', 'LeRobot']",True
RoboCOIN/AIRBOT_MMK2_mobile_calculator_box,32,0,"['task_categories:robotics', 'language:en', 'language:zh', 'license:apache-2.0', 'size_categories:10K<n<100K', 'format:parquet', 'modality:tabular', 'modality:timeseries', 'modality:video', 'library:datasets', 'library:dask', 'library:mlcroissant', 'library:polars', 'region:us', 'RoboCoin', 'LeRobot']",True
RoboCOIN/RMC-AIDA-L_pour_rice,30,0,"['task_categories:robotics', 'language:en', 'language:zh', 'license:apache-2.0', 'size_categories:100K<n<1M', 'format:parquet', 'modality:tabular', 'modality:timeseries', 'modality:video', 'library:datasets', 'library:dask', 'library:mlcroissant', 'library:polars', 'region:us', 'RoboCoin', 'LeRobot']",True
RoboCOIN/Cobot_Magic_clean_up_the_tableware,26,0,"['task_categories:robotics', 'language:en', 'language:zh', 'license:apache-2.0', 'size_categories:10K<n<100K', 'format:parquet', 'modality:tabular', 'modality:timeseries', 'modality:video', 'library:datasets', 'library:dask', 'library:mlcroissant', 'library:polars', 'region:us', 'RoboCoin', 'LeRobot']",True
RoboCOIN/Tianqin_A2_box_storage_part,21,0,['region:us'],True
RoboCOIN/RMC-AIDA-L_place_test_tube,20,0,"['task_categories:robotics', 'language:en', 'language:zh', 'license:apache-2.0', 'size_categories:100K<n<1M', 'format:parquet', 'modality:tabular', 'modality:timeseries', 'modality:video', 'library:datasets', 'library:dask', 'library:mlcroissant', 'library:polars', 'region:us', 'RoboCoin', 'LeRobot']",True
RoboCOIN/RMC-AIDA-L_plate_storage,18,0,"['task_categories:robotics', 'language:en', 'language:zh', 'license:apache-2.0', 'size_categories:100K<n<1M', 'format:parquet', 'modality:tabular', 'modality:timeseries', 'modality:video', 'library:datasets', 'library:dask', 'library:mlcroissant', 'library:polars', 'region:us', 'RoboCoin', 'LeRobot']",True
RoboCOIN/leju_robot_box_storage_parcel,14,0,"['task_categories:robotics', 'language:en', 'language:zh', 'license:apache-2.0', 'size_categories:100K<n<1M', 'format:parquet', 'modality:tabular', 'modality:timeseries', 'modality:video', 'library:datasets', 'library:dask', 'library:mlcroissant', 'library:polars', 'region:us', 'RoboCoin', 'LeRobot']",True
RoboCOIN/leju_robot_moving_parts_j,2,0,['region:us'],True
